-1.258210946684207299e+00 1.730514378399500952e+00 -2.275598239270446577e+00 -1.736824534317242152e+00 -1.304707564856430357e+00 -5.715825534138439856e+00
-1.141406467367829247e-01 5.514965606923348806e-01 -4.199781187015942385e-01 -7.179419095830666953e-01 -1.739265053229770708e-01 7.104176252163537653e-01
-2.281900609159661641e-01 3.480591476770735770e-01 -2.017648381296128710e-02 -6.245950733923676390e-01 -3.971068392255323598e-01 5.866875430515641199e-01
-1.234765613175855536e+00 5.212221972897926880e-01 -8.007648339304963558e-01 1.474728288679519661e+00 1.248285994286892242e+00 3.436766986793948764e+00
4.205970233714567130e-01 6.685872738986602393e-01 -1.299026169282867516e+00 -6.490778126483268684e-01 7.416369151978097207e-01 5.100902658167164594e-01
2.875874140724445471e+00 9.728394415817701590e-01 -7.605706774481593158e-01 2.229679980646419146e+00 3.385206436151336762e-01 4.025031786689536872e+00
3.985467369363469015e-01 8.438297630693426532e-01 -1.151706631084060906e+00 -9.469650799300479704e-01 4.985265165419259792e-01 8.843130936733499814e-01
6.197852195644589779e-01 9.910505479788668248e-01 -1.160681548783383477e+00 1.803122409263305803e+00 -6.396289133629003976e-01 4.425628467289016044e+00
-1.572170918165597620e+00 2.668426927929030135e-01 1.807050254916769405e-01 1.570204356343396057e+00 1.572030792202297134e+00 -3.589145629536637738e+00
-3.221663113953965873e-01 5.320569213832718747e-01 -7.256386529542501185e-01 1.047856129379893586e+00 3.741109263723336187e-01 -1.016305434727046375e+00
-1.252198014060037945e+00 6.214037857293039924e-01 -1.596165018315585105e-01 1.716717962444060941e+00 1.286554054674179159e+00 2.658880573736611019e+00
2.236876757600163856e-01 3.611068577828538406e-01 -9.102371392679318163e-01 2.730536555732649084e+00 -5.885755886191341713e-01 3.489397420596103139e+00
7.001129221833722605e-02 1.917587171012927083e+00 -2.618300140180962021e+00 -1.083433474739729091e-01 7.036072892446320060e-01 8.274981861803340499e-02
-4.127105806483910566e-01 1.889829549274310461e+00 -3.192897230936926345e+00 -2.715393397769880757e+00 -1.326031950380996971e+00 -3.251173831100651945e+00
-1.771420365644733819e+00 1.371936210669246536e+00 -2.094192228928503763e+00 -1.437160864556737083e+00 -1.720876269200630970e+00 -5.550863258524944222e+00
-1.193912019407955327e+00 8.439812285798192759e-01 -5.601895871070957655e-01 1.681178698426090801e+00 1.209690932815804087e+00 2.837623842508845584e+00
1.475145085486250895e+00 4.427769816442455597e-01 -3.411425495883230741e-01 1.561058056872723476e+00 -1.475635204499432751e+00 1.021053847881501220e-01
-1.759037070731097163e+00 1.565667181347084824e+00 -2.533643602412205986e+00 -1.415147241358352792e+00 -1.677087243585220877e+00 -5.306905747260958428e+00
-1.694507305478959447e+00 4.022024684064864353e-01 -2.305445618200109570e-01 1.549560255859342650e+00 1.692675027983818303e+00 2.968631816113328270e+00
-1.791441181487495982e+00 1.152870215771706064e-01 -4.083558203358842453e-01 1.635502810355627501e+00 1.781882994818772215e+00 3.441511719801392921e+00
-1.796733423756154080e+00 1.519236386158167029e+00 -2.354357221009924395e+00 -1.402003774666588098e+00 -1.721698766485568077e+00 -5.435268460373268162e+00
1.726434861551477740e+00 6.929989450042584043e-01 -4.130126197139861177e-01 -1.527462756776394537e+00 1.720332968186502276e+00 3.424818588882966530e+00
-1.479204773851867216e+00 5.905246070343928011e-01 -1.291594450149766260e+00 1.511620991256973578e+00 1.500840654234720795e+00 -2.438453913386319893e+00
2.224871471536754748e-03 3.904150176256220017e-02 5.074039137013230949e-02 3.165480026274946290e+00 8.980938898878429444e-02 3.117804928916621865e+00
1.116394317363716970e-01 5.804612385112752904e-01 -1.387113498526918176e-01 3.397863002493672457e+00 4.547387829845789264e-01 2.910412744325517664e+00
1.709922534030889674e+00 4.669700811551012465e-01 -2.532959496052265003e-01 -1.541112104323211884e+00 1.706733292920550538e+00 3.357295380303243260e+00
-2.063079749895073700e+00 1.802329888936787361e+00 -2.647589073706575924e+00 -1.189212719623123471e+00 -1.889785804590483176e+00 -5.375800184879996557e+00
-1.546638608082140154e+00 1.462228844950219431e+00 -2.729013863051595212e+00 -1.593849588002768769e+00 -1.563560001400420507e+00 -5.016309598419042892e+00
1.193750792484837620e+00 6.558648249294635191e-01 -4.411916593130906228e-01 -1.654945166806696566e+00 1.202828337897650979e+00 3.371925190980512355e+00
2.889610525995261359e+00 9.238693703519362810e-01 -8.073249723007719370e-01 1.995176768330544581e+00 2.771075319873301801e-01 4.273230807928938724e+00
-1.518505526662652150e+00 8.563915486713434833e-01 -1.207613997565515351e+00 -1.588799984540303578e+00 -1.521694029919864244e+00 3.516617321044765432e-01
1.930939333013640125e-01 5.802445519584723543e-01 -7.217029203765439327e-01 -9.458686239033452514e-01 2.388459048648476080e-01 9.321464698990543640e-01
-3.091385977152052988e-01 1.570411381396225048e+00 -2.740216065397089285e+00 -2.807689708082373503e+00 -1.189821411697453479e+00 -3.269865939584578385e+00
-1.227428362224822767e+00 1.802696754650722433e+00 -2.524673834492763280e+00 -1.802828670168558300e+00 -1.315359687698676394e+00 -5.531271890198069308e+00
2.850964849093967857e+00 1.679246856124362974e+00 -2.303601579391114207e+00 4.729416824149498266e-01 6.804059062972702687e-01 -3.785516233921997209e-01
-3.280229783517170650e-01 2.506095173140906462e-01 -3.096315664771221443e-01 1.399341262057046897e+00 3.331004603950459275e-01 4.893615634240322976e+00
-1.658559615703352752e-01 5.498078406186719391e-01 -6.176297007030653319e-01 1.186416071274026596e+00 1.790674425351220511e-01 5.102409075597979182e+00
-1.203188013925454047e+00 1.315281784066652193e+00 -2.165023480775590148e+00 -1.852377634894680991e+00 -1.331249916717426318e+00 -5.399329115114790412e+00
-1.032764979504553204e-01 7.550350233389715449e-01 -5.441075301859249480e-01 -4.593403131243247173e-01 -2.345178593001795431e-01 4.483988235835008052e-01
1.798511483844611014e+00 1.319638849673504755e+00 -2.219391112024807100e+00 -1.750330746199116216e+00 1.711641934187621228e+00 2.229147411039529736e+00
4.352061473160723226e-01 1.564584089272780254e+00 -2.163844875016754710e+00 -6.894048448629154224e-01 7.245789287464433626e-01 5.530047924450132157e-01
1.703254641166332295e+00 8.581164999222974377e-01 -9.388541012443236689e-01 -1.581542008654783116e+00 1.702814718366273850e+00 3.060149183716613486e+00
2.301056600861312862e-01 6.092222397998759975e-01 -3.470785410422966288e-01 -2.406425461559469348e+00 3.470500578893886967e-01 2.436892784002094192e+00
-1.165666852262446263e+00 5.016248091944826015e-01 -7.692598537164355710e-01 -1.683716750015863850e+00 -1.180879196532558240e+00 2.899480875074226804e-01
-3.564456052494398286e-02 5.710396987824004622e-01 -3.393630443942045605e-01 -1.544900931139744638e-01 -2.343529777172880801e-01 1.503412942955348053e-01
-1.966408676572846792e+00 1.063723685683140241e+00 -1.166401793522979791e+00 1.613574827631928166e+00 1.964204410149506641e+00 3.252793609396945396e+00
-1.219628058241435831e+00 2.655909375373593506e-01 -3.061726508274860703e-01 1.555943455950616894e+00 1.219925063822918210e+00 3.184798038513551255e+00
1.802093402489421736e+00 7.204973625589695674e-01 -4.081190147369783694e-01 1.643049123304357595e+00 -1.790705121671581912e+00 3.203661610561863160e-01
1.442991951159935615e+00 5.345752795349711928e-01 -3.455201472656597994e-02 1.509257761796645170e+00 -1.458704774428032591e+00 5.034848909051284904e-01
2.071191825179554691e-01 7.201040758292064359e-01 -6.088776770222137369e-01 -2.056539000483639690e+00 2.347165597499291101e-01 2.068111248640241762e+00
-3.932418136827466881e-01 5.810231624018639129e-01 -2.304496107057366350e-01 2.262397328562794296e+00 5.206640929311453503e-01 3.950261742832433143e+00
2.769198139518955770e+00 1.832552738991990005e+00 -2.382568907539850844e+00 6.418069751135476730e-01 6.532962754620104118e-01 -5.356015205498010356e-01
-2.892811960514681258e-01 9.962878006560190736e-01 -9.853898100723373910e-01 -1.534091397993344597e+00 -2.894791294096101253e-01 1.532504391156361612e+00
-1.879770089881222850e+00 2.348598816728581506e-01 -4.480591444824257308e-01 1.638230035643973848e+00 1.872546839595070178e+00 -2.918144768276449863e+00
-1.574523610574937837e+00 1.555194664349933253e+00 -2.686420499692096620e+00 -1.567425920785213034e+00 -1.572377211374588857e+00 -5.151950061981488638e+00
-7.717455362735423964e-03 8.476381533149558445e-01 -6.898524599398692114e-01 3.091797998960558846e+00 1.579723192499134232e-01 3.190776657797870897e+00
-1.820501005663050620e+00 4.009999598966315637e-01 -1.109664777556731874e+00 1.735273886884862060e+00 1.759528927955683608e+00 -2.417328536715010134e+00
-1.977180765150565955e+00 1.104678463498178997e+00 -9.863255234643568681e-01 1.520024452813762972e+00 1.974166392124171665e+00 3.012851379353580050e+00
1.853874899981705626e+00 4.795003662373510389e-01 -5.829822259839360088e-01 -1.600833993091380636e+00 1.852314080170244237e+00 3.033860909291620001e+00
-4.448729009934254131e-01 9.136053823894890735e-01 -8.191751197494107073e-01 1.766122892032647052e+00 4.541266833229380406e-01 4.495689681981017927e+00
7.325901596391761750e-01 6.185639829127430600e-01 -8.981962935014672356e-01 1.868507280261402892e+00 -7.747969876051620242e-01 4.306809370001714043e+00
-1.973946120276237837e+00 2.108158862613558893e-01 -3.834838691672866617e-01 1.643941121895877711e+00 1.967608208467193309e+00 -2.954220449591813846e+00
-1.542703443181604905e+00 1.765123350355941367e+00 -2.958654854290567293e+00 -1.596917512355662039e+00 -1.560444218316247689e+00 -5.089511717406403513e+00
1.434775837735316750e-01 6.746228807666790894e-01 -2.976980638333957541e-01 3.738558350556434040e-01 -4.020885575629183917e-01 -3.464467569962045301e-01
2.776752359462376862e+00 8.435863847021488615e-01 -1.091289988982375059e+00 1.000161132312118895e+00 4.378402839838145821e-01 5.328945576796949801e+00
2.714225831042307746e+00 1.081732525537473455e+00 -9.682458007684920931e-01 1.814558758733116894e+00 4.412773919350740370e-01 4.443975530455652745e+00
-3.891049270021293416e-01 3.773298541310156629e-01 -4.521621950412680335e-01 1.390561824324425544e+00 3.958727900249435216e-01 4.907376201541777228e+00
-4.147234216632982862e-01 6.935524643835787595e-01 -7.937742471736967120e-01 -1.794183457744561005e+00 -4.259746667434458067e-01 1.815286110034351807e+00
2.902705523625751294e+00 6.825611258026550443e-01 -3.727602752779975992e-01 2.467728065821493288e+00 3.888461379149105723e-01 3.777981548301009962e+00
-1.942534804514356450e-01 4.152350874159486116e-01 -9.191955823386694924e-01 3.868431816504731557e-01 5.370861882479436300e-01 -3.366850676204207748e-01
-1.526747515459533799e+00 4.025625013663546303e-01 -1.175354928901578333e+00 1.540035274979594471e+00 1.539257486911878470e+00 3.914867119775138793e+00
2.927564538789196646e+00 7.086978755962994869e-01 -6.378973113237239589e-01 1.885672009953788919e+00 2.252641730318853952e-01 4.389904951102764130e+00
-1.469162635168771214e+00 2.985267571661338881e-02 2.397487277104201064e-01 -1.543634981442972842e+00 -1.472840915501586467e+00 -2.709389398956910666e-01
-1.296879348627741901e+00 9.811368465873365752e-01 -6.913833744023122341e-01 1.650910684479563129e+00 1.308568231483138611e+00 2.841262284811944205e+00
-1.263424240471629767e-01 9.537045884129564666e-01 -5.979830579027274329e-01 -3.498786103575152739e-01 -3.765868770314755865e-01 3.271372668480677093e-01
-1.921111360716701855e+00 4.242890604241201791e-01 -1.117827140545514020e+00 1.800258734435127961e+00 1.837866964901035960e+00 3.866086172650203157e+00
2.814143729699224439e-01 1.764104410868846387e-03 2.966592752538509958e-01 7.767918898462444766e-01 -4.072772247901534359e-01 -7.342133333228645364e-01
-1.306081406368206022e+00 3.242525717008526431e-01 -3.929578203887044985e-02 -1.494731926316134052e+00 -1.316993062773466505e+00 -2.946745372593606582e-01
-1.654979035444201552e+00 2.482669287555215876e-01 -7.391417163506501797e-01 1.610551713495095516e+00 1.645024690650874089e+00 -2.649236118746447044e+00
1.612461457106763696e+00 7.863632903557900011e-01 -1.037427211126487947e+00 -1.581154089679567942e+00 1.611148417397200827e+00 2.890323556019564144e+00
5.511373140460483766e-01 8.467449901687210678e-01 -9.888956222869713653e-01 1.797360085377188943e+00 -5.673381100100657326e-01 4.445568236770196080e+00
5.926774019601435128e-01 3.930785826443539133e-01 -6.611509990977112450e-01 1.945567757991778057e+00 -6.438013438504237573e-01 4.255320366728742698e+00
-3.865704894269993419e-01 1.876720409429966763e+00 -2.374298677220779474e+00 7.061647478129868816e-01 6.199675284546657394e-01 -6.067955920373639955e-01
-1.871743959863516604e+00 2.381141423906053128e-02 4.059707675328059345e-02 1.550820183834715538e+00 1.871095580722507146e+00 -3.209031839006400766e+00
-1.407234943236634894e+00 1.641093793507502729e+00 -2.375097736371941437e+00 -1.680901447613155630e+00 -1.449591485514191147e+00 -5.542488461983380077e+00
-1.251506501045945186e+00 5.264316984094938867e-01 -8.743236752604808260e-01 1.458567592211387431e+00 1.271242323961001341e+00 -2.776753315142256540e+00
-5.339660011824082231e-01 2.013123133804708698e-01 -1.287470830684175199e-02 1.877520788813320074e+00 5.631869487206933034e-01 -1.929203291263456910e+00
-1.511619762305859371e+00 1.800560078186026924e+00 -2.529242314467933905e+00 -1.610229789683097490e+00 -1.526653542544267772e+00 -5.553626155236917050e+00
-1.321668760723102132e+00 1.461228291544704350e+00 -1.864725290846008798e+00 -1.670359825805920684e+00 -1.342042333929307940e+00 -5.868239102406848318e+00
-1.736703490193262089e+00 1.063730211907480516e+00 -1.794480157250234242e+00 -1.459499930709186710e+00 -1.694082655976219876e+00 -5.545556851749042337e+00
-1.636783861713493771e+00 1.665629425827329646e+00 -2.297860801581882662e+00 -1.531765692981280846e+00 -1.624009503509575847e+00 -5.649909822793913960e+00
2.872881016430245626e+00 1.345455665560623126e+00 -2.001989861869313714e+00 4.238195650734489783e-01 7.017925402387857892e-01 -3.318093820480948475e-01
2.704644757741509475e-01 9.687230163721176346e-02 -6.014260924663868968e-01 -5.206773566620247484e-01 5.669124470035815655e-01 4.505615426435577997e-01
1.440838412568401949e+00 8.581116824627832429e-01 -4.781957875710921013e-01 1.522363010289335961e+00 -1.450147138388767853e+00 3.828484430778133496e-01
-1.558527234913562820e+00 1.609654290751048489e+00 -2.246670525415038533e+00 -1.578096033291833900e+00 -1.560927709387616824e+00 -5.646128294461052022e+00
5.231031214325811973e-01 2.560253628255163560e-01 -4.081248298817442555e-01 -1.313793990186896465e+00 5.427907968588503440e-01 1.273007137890167728e+00
1.552453383960665567e+00 3.808809281087506826e-01 -6.230525694630622002e-01 -1.566399564382790377e+00 1.552983023762757542e+00 2.899388167957158036e+00
1.559098266379945086e+00 9.131057535138914494e-01 -1.057866661284653897e+00 -1.569110188139781314e+00 1.559214404430725454e+00 2.996825800874556744e+00
-1.934089084835491690e+00 5.106025710585232469e-01 -3.262875629573101510e-01 1.501231059722984540e+00 1.927652320165646138e+00 2.944718167846160028e+00
-4.892968806963789996e-01 6.250226248875339063e-01 -3.340460592276158769e-01 2.065057046154591625e+00 5.631839664753356400e-01 4.145002629718447906e+00
4.545443312377822620e-01 6.179749123727942134e-02 -2.818044423782994912e-01 -1.150678755117757968e+00 5.016230680324256230e-01 1.099604028362431540e+00
1.638026655566671597e+00 1.027353989523198674e+00 -9.296928965857110816e-01 1.577360443491651498e+00 -1.637699783055313274e+00 9.788534153270987692e-02
-2.033539658718027443e+00 1.753218791436178980e+00 -2.433425203272856496e+00 -1.266755931451393202e+00 -1.925217500501806400e+00 -5.548111476766583117e+00
-1.248758966016162875e+00 4.840916562384912081e-01 -7.026067442476215952e-01 1.498599475666096970e+00 1.256676840917137827e+00 3.371538669105764718e+00
-1.953144133229521850e+00 1.127829112855227134e+00 -1.233393928743227619e+00 1.613142519806654906e+00 1.950900708828296359e+00 -3.027883116120829499e+00
-5.035725262016513826e-01 1.976447163076011926e-01 -6.066715854677369180e-01 9.454951090146143100e-01 6.374618030082296327e-01 -8.388844324314543854e-01
4.055867397862190638e-01 3.356587327880393712e-01 -9.149720455682677223e-01 2.476445204189144267e+00 -6.935962802951070039e-01 3.684327608232453866e+00
-9.275550463487719499e-02 5.235562829280139274e-01 -1.185069445814091349e+00 1.502873151075819480e-01 6.670076808089857590e-01 -1.184176461496763005e-01
6.659304326028492316e-01 6.090663678376676549e-01 -3.005421259766006270e-01 -1.939565116185243188e+00 7.239228793139602658e-01 2.047016901228613683e+00
3.891924580492227004e-01 1.068907799411049409e+00 -1.239810733654951536e+00 1.963942454292880502e+00 -4.233069871166195708e-01 4.285480727932734268e+00
4.886307978280373110e-01 9.143678787098445948e-01 -9.893213443899986359e-01 -1.430815379209369409e+00 4.938894121041854657e-01 1.412121970285418859e+00
-1.854590984715298152e+00 1.458497792870236953e+00 -2.683688563730466381e+00 -1.302969544011143510e+00 -1.665787058752522087e+00 -5.045180605803428087e+00
-5.724294365007299712e-01 1.574835827030224955e+00 -2.747984279730581569e+00 -2.531586280730472094e+00 -1.239238123268804559e+00 -3.365294823195119189e+00
3.472540760834395834e-02 7.386861579407066891e-01 -1.287845664387201383e+00 -6.645428661410734961e-02 5.501500157228981225e-01 5.667141736469871738e-02
-1.130332128042383644e-01 5.653578887016861287e-01 -1.006225462731944464e+00 3.401621548973841058e+00 -4.541965896521061308e-01 2.906917487484631746e+00
-1.718273247665868197e+00 5.803481798154445093e-01 -5.975594823872815153e-01 1.573353477555927471e+00 1.718245666021739781e+00 3.158986361389007236e+00
-1.613626933151643517e+00 2.583769120485896464e-01 2.252995987835003655e-01 1.550871783430898487e+00 1.608706080245801306e+00 2.657532935646442329e+00
2.895623637998884781e-01 2.749739116939712291e-01 -9.898768734236550459e-01 2.715003820233451215e+00 -7.616113509901288880e-01 3.459376443870629370e+00
3.091806545267875794e+00 5.910264943334353482e-01 -7.452119197397232275e-01 3.454799987813738760e+00 -1.619656094849288852e-01 2.832231421063660992e+00
2.897438557834488559e+00 8.531064360007678538e-01 -6.165133219661328434e-01 2.325887609360049790e+00 3.383307252603270365e-01 3.928137296627340902e+00
2.516853802788329153e-01 3.482925017175279581e-01 -5.850246147780242545e-01 2.310392474036997879e+00 -3.437984796703499324e-01 3.942705891180128486e+00
-1.303976066745003992e+00 5.165161454388268458e-01 -4.499568963453463022e-01 1.588980793049266538e+00 1.304576441820772592e+00 3.072590633430565266e+00
-1.542583952160998306e+00 5.873190728751642720e-01 -2.520636695801543037e-01 -1.561508780528313656e+00 -1.544150219408850111e+00 -3.353862309631052141e-01
-1.710201099477983044e+00 2.591340740854805591e-01 4.294857232820222803e-01 1.481867924068757114e+00 1.678287132458063491e+00 2.448187187624321748e+00
-1.204728326938021787e+00 9.469694559936963074e-01 -6.440589399062887077e-01 -1.456931136560602802e+00 -1.222119524061011431e+00 -3.229937133059511689e-01
-4.610462019224804697e-01 8.707826631435020004e-02 -7.374754593012844417e-02 1.597755387195838539e+00 4.612245002993802245e-01 4.682302171915008415e+00
-1.429921957588070613e-01 6.157502638670541567e-02 3.926379369309629386e-01 2.824663653680143938e+00 4.746896859882461239e-01 3.425425611146194260e+00
-2.138791137668760722e-01 5.201870950385373282e-01 -6.874833867694498668e-01 9.165354404576075975e-01 2.707491037013955992e-01 -8.985353704982569356e-01
1.534710633896140264e+00 6.438283350437511432e-01 -8.974117123811773400e-01 -1.561741753173595315e+00 1.535859080528668708e+00 2.887855979203142631e+00
1.959590242535996119e+00 5.770862780499512734e-01 -9.224148517302472872e-01 -1.708583015328288823e+00 1.935517675646352131e+00 2.770820883554042435e+00
-1.132236269632038494e+00 7.638953181744940757e-01 -1.200439370979952791e+00 1.375032392819209859e+00 1.175784576741819576e+00 3.617428289571978706e+00
-1.185069123103789535e+00 4.253465470632524781e-01 -6.621375062887979723e-01 -1.665759294893390585e+00 -1.196368787798589572e+00 2.547851084161364965e-01
-3.200967561247200499e-01 7.003466091200351018e-01 -1.165634778077654365e+00 6.363315323321302452e-01 5.580291501677498989e-01 -5.598725506463332335e-01
1.206750651482654257e+00 7.477797333383326972e-01 -7.748942450064595366e-01 1.581119142825997415e+00 -1.206885301988475545e+00 -2.900688836945820859e-02
-1.725514435439410743e+00 6.398092187775564765e-01 -4.064554126487650576e-01 -1.606845722417337807e+00 -1.721283198896626843e+00 -2.360788172261676920e-01
-1.544876913305281319e+00 7.124712402677791934e-01 -7.074741950036784743e-01 -1.570664385854245948e+00 -1.544871646428806367e+00 -5.004487781598359122e-03
-1.520418750842721156e+00 3.211761745072230778e-01 -5.859942933673486509e-01 1.557597408316905296e+00 1.522181926045588884e+00 -2.876447143369056381e+00
1.517471095061044606e+00 3.415746112025101477e-01 -2.243359014693027675e-01 -1.577035884869301130e+00 1.517842466651729838e+00 3.258989140725781386e+00
-1.825549097642570784e+00 7.662969603636460292e-01 -1.247095709743798020e+00 1.690655497189616163e+00 1.796127716070762492e+00 -2.647218552540796299e+00
-1.341671906393404889e-01 6.359778839382584925e-01 -3.108433657386765470e-01 -3.995696806750308472e-01 -3.508214404585224266e-01 3.775331476860444013e-01
-3.036269395678794059e+00 -9.607936813658707331e-01 -2.448158302030269518e+00 -2.761183144049398575e+00 -2.868954456096098893e-01 -6.649418678176179043e+00
1.741550032674972881e+00 1.195965629813240394e+00 -1.016018492312853683e+00 1.601648068227058408e+00 -1.738760237666417074e+00 1.825486521282632946e-01
3.124723823319737193e+00 1.137096217566048617e+00 -1.251841151528084506e+00 3.287353445015575026e+00 -1.159753125574725652e-01 2.996800561550364339e+00
4.177581525702275256e-01 5.599612502809195869e-01 -5.491880064581813325e-01 -1.594953886898645035e+00 4.178904614815656671e-01 1.597238227022875101e+00
-1.320640202154120590e+00 4.924492661799908522e-01 -5.694718375609251204e-01 -1.590447873186893180e+00 -1.321391993563444611e+00 7.947826595592541454e-02
2.943405515985246357e+00 9.255264893986264729e-01 -1.139990429646552617e+00 7.564840359527047475e-01 2.909729968014050372e-01 5.548104642457327706e+00
-1.908730107979246471e+00 5.975331502888732160e-01 -1.757910171185866621e-01 1.427922760950003145e+00 1.878092698324777654e+00 2.697678319501761290e+00
3.696068810413952743e-01 2.804628376954531599e-01 -5.446778663668933040e-01 2.164024129559116716e+00 -4.507770163452560208e-01 4.069491383009766317e+00
-1.465541185665253376e+00 9.705156484028779618e-01 -7.584518011207964650e-01 1.593031936749366606e+00 1.467901904978852423e+00 2.928378130462254703e+00
-1.995441587888419299e+00 8.598077005998127076e-01 -6.811951767938149160e-01 1.490632727765589083e+00 1.988254257230664512e+00 2.945984214530545930e+00
-1.497091807657065621e+00 1.761277878555005394e+00 -2.158193063724102245e+00 -1.599334765634375710e+00 -1.502824964791583229e+00 -5.885295493302779235e+00
-1.815710262185738832e+00 5.783862446416315750e-01 -8.575506472133792579e-01 1.639556291451868431e+00 1.806040507593127398e+00 -2.854304879151202901e+00
3.271407715292015128e-01 7.686971284112715797e-01 -9.589394243843879506e-01 2.079274042417547985e+00 -3.767127202657481466e-01 4.172420692940947085e+00
-1.923785969929602491e+00 8.313162610293941546e-01 -6.262495370241626391e-01 1.495911720070756568e+00 1.916071715618413718e+00 2.923454817816501627e+00
1.238928748501476163e+00 6.821311985533212718e-01 -5.561275239375551571e-01 1.527508082480767193e+00 -1.241654787606147670e+00 1.332015875474523159e-01
1.300227029150089197e-01 7.182294527634779380e-01 -7.745240114007931886e-01 -1.164110229221457793e+00 1.416246246483681692e-01 1.160444623829985256e+00
-1.470330518364033390e+00 9.600070931236135419e-01 -2.022148881077555860e+00 -1.658614742955887289e+00 -1.521926044490536034e+00 -5.218892693358403001e+00
-1.593286401703308153e+00 1.509855681776890224e+00 -1.931603907492424277e+00 -1.561589444759544865e+00 -1.591309046762603874e+00 -5.861339893632860232e+00
-9.138710040891454695e-03 6.429091501069983394e-01 -1.943613995853215315e-01 -2.087608029544933685e-02 -4.486320399831411065e-01 1.879324332114196486e-02
-1.425673205322769144e-01 5.648682962098031668e-01 -3.596549604018288160e-01 -6.133763135940866196e-01 -2.493038069112951949e-01 5.986724476815422635e-01
2.674059325615133265e+00 1.426323634932179507e+00 -2.015435910395054098e+00 7.375850776366265071e-01 7.344401952678569767e-01 -5.933532165059548502e-01
1.696784866161309191e+00 5.708033305690640713e-01 -3.314833031696782784e-01 1.600809935318239896e+00 -1.693170436397216205e+00 2.411662535087375492e-01
-1.871774958576762904e+00 5.406535003397532346e-01 -9.801057782929004647e-01 1.702097176575594561e+00 1.842405694755602452e+00 -2.684177397116461528e+00
6.932033504290150416e-01 6.152249182448101816e-01 -8.338275776940312634e-01 -1.315416419171792750e+00 7.213820000887739559e-01 1.236186724802551762e+00
1.806003475497549582e+00 4.786825615861435845e-01 -5.682515433766560653e-01 -1.592228107549490845e+00 1.805037557564056261e+00 3.049508777439863039e+00
5.922333043113040540e-01 4.466875480119056330e-01 -6.733363783159345139e-01 -1.248402154906841366e+00 6.292421925848632469e-01 1.178985412239666353e+00
1.836380504260502367e+00 5.832913040476854771e-01 -1.234245091963103863e-01 -1.450652806856270738e+00 1.808231616330818303e+00 3.615798571415957952e+00
-1.574512325959717796e+00 1.240432998888283622e+00 -1.260378766696429231e+00 1.570871266574494607e+00 1.574505183282185916e+00 3.161536186029787476e+00
-2.832610659370849771e+00 -6.531495450564979155e-01 -2.507986026132378754e+00 -1.631789342054404068e+00 -3.095808376939712114e-01 -1.506759143311474425e+00
-1.946397087923506519e-01 3.607230252814976890e-01 2.899935094412241232e-02 -4.784626551778634052e-01 -4.333914109469543252e-01 4.399318995124273379e-01
1.494154768833102054e+00 1.906289647400203124e+00 -2.834786228117498919e+00 -1.509388371677593543e+00 1.524918673388726331e+00 2.211694064061086262e+00
1.123497845602098755e+00 5.981198708535778730e-01 -6.444672786859136915e-01 1.593008470880505900e+00 -1.124007608013567694e+00 -5.138476317307140440e-02
-1.125677544524976037e+00 1.419029855418600716e+00 -2.543468878091944330e+00 -1.977160909105410314e+00 -1.383838914905257900e+00 -5.120114860624057407e+00
-1.880043567821277017e+00 1.312425544711610437e+00 -2.659731043215461277e+00 -1.268777098914950940e+00 -1.638293265874850357e+00 -4.925597827667753670e+00
-1.198021565837731339e+00 7.220891771252281321e-01 -1.075815106945822830e+00 1.436159332400024580e+00 1.222114911776085444e+00 3.519061806076682508e+00
-1.706104109870363317e+00 4.686254107883920383e-01 -6.630892536246376645e-01 -1.544494121747757909e+00 -1.703533155661012932e+00 1.962062869262323483e-01
-1.642248592799494089e+00 2.952360998417705162e-01 2.931381855978837936e-01 1.531095082821033015e+00 1.630213274107618071e+00 2.552035057206892610e+00
-1.842840419211960290e+00 5.654075168715870792e-01 -2.243411872054020817e-01 1.477754654643275822e+00 1.826802012777327677e+00 -3.494650143970472911e+00
-1.559267454532061725e-01 1.414281058695541771e-01 1.741438882393358534e-01 -4.686415047798254685e-01 -3.508364928351592749e-01 4.437842730095862831e-01
-1.525659788074534173e+00 3.396029216706698550e-01 4.440954769486410783e-03 1.586033354505717918e+00 1.528302219286844510e+00 2.797218429913581161e+00
3.051927829618672927e+00 7.849901667991500132e-01 -1.112869303989363567e+00 3.413898133651223077e+00 -3.394851461909136336e-01 2.884129762955697895e+00
1.206452096945627300e-01 9.132958988469510597e-01 -9.810759120058482052e-01 -1.061614791143591141e+00 1.382989861227282014e-01 1.057519362913586169e+00
2.729531317543111513e+00 9.136936384993104010e-01 -6.674103101892082668e-01 2.079676387120056091e+00 4.764076311069654346e-01 4.151786944196605766e+00
7.168646681767110174e-02 3.173259032250906331e-01 -8.377214610759158298e-01 -1.434110690362309648e-01 5.248692031816345471e-01 1.243183252335686162e-01
-1.195198565772865873e+00 5.946817080987278903e-01 -1.284189208068693855e+00 1.325022155273966273e+00 1.283837653062095407e+00 3.866780370446662118e+00
1.560901762913883939e+00 1.272862463152943269e+00 -2.132938831936106450e+00 -1.563298753527245344e+00 1.564347544264975021e+00 2.281496246436351072e+00
-1.557873920509165622e+00 1.653566388906521967e+00 -3.047873648639214395e+00 -1.583520932855236429e+00 -1.568523186211989273e+00 -4.888856855559058801e+00
-1.738768731842303294e+00 1.182204685690925849e+00 -1.011645477877476607e+00 1.542022628793277228e+00 1.736302563146982614e+00 2.968642478421241737e+00
5.977839890035314685e-01 4.039511316490659865e-01 -8.833885740471905113e-01 2.166260391029778631e+00 -7.475061850094357752e-01 3.966587004705212749e+00
2.761609317763294325e+00 1.785361936388390358e+00 -2.231284153030858253e+00 7.470519817001894936e-01 5.774462320096511725e-01 -6.599012729337458971e-01
1.808897560057839637e+00 5.792336029357411098e-01 -2.965056306896873273e-01 1.638402830395370158e+00 -1.799267536455547711e+00 2.904952630735539998e-01
-4.027195054314716693e-01 4.997732150346596014e-01 -1.029199611739098463e+00 7.006922098584803527e-01 6.533636501136338426e-01 -5.901382790259109834e-01
6.309397637603936237e-01 5.062192359216628468e-01 -5.764997511161754629e-01 -1.474919781850080547e+00 6.343145888543030297e-01 1.451974347329684445e+00
-1.641784537083072149e+00 1.685893626323573979e+00 -1.949514760850423301e+00 -1.552269949713149799e+00 -1.639321835203950029e+00 -6.018926250435375103e+00
-1.797234816252039069e+00 1.653722755473537198e+00 -3.037824047944905015e+00 -1.348164992126356765e+00 -1.612474012724650629e+00 -4.894417486455553856e+00
6.407236807851300620e-02 3.990491541527425579e-01 1.126725991315136455e-01 1.301408867341559972e-01 -5.153649692791951731e-01 -1.133767145284817757e-01
-1.805281562275929286e+00 1.169484527536178264e+00 -1.165098506035412651e+00 -1.571844440315745217e+00 -1.805273129375409846e+00 -4.512615447864605847e-03
-1.882412127675078817e-01 3.747083985874212209e-01 1.475106617731586078e-01 2.776903547830768204e+00 5.521438570028803783e-01 3.455845499799828691e+00
6.100273981893458153e-01 3.940680107242642283e-01 -3.333410607183808216e-01 1.484254293696283922e+00 -6.126614276699886563e-01 4.818056080888610815e+00
2.949799089250524364e-01 5.709121193932964466e-01 -6.712802406267707189e-01 -1.252106076155581560e+00 3.111178196774830873e-01 1.237182843220138828e+00
4.763477855562033014e-02 7.239968974498034449e-01 -8.158408483332726391e-01 -4.786275091492512845e-01 1.034331671476306919e-01 4.764383276109417920e-01
-1.911588637577545713e+00 3.729658508709354867e-03 -1.757011837228678874e-01 1.631404870541837582e+00 1.906357902663610826e+00 -2.959361415778478221e+00
-1.585487267011729262e+00 7.349726435283483461e-01 -1.233268290264972533e+00 1.577818786852897670e+00 1.583694401551629882e+00 3.639931060967326104e+00
3.989281676640331065e-01 5.720280573260632107e-01 -3.808002322811687157e-01 -1.994276562692531396e+00 4.401658147239605468e-01 2.033047855760417910e+00
2.947054589162265703e+00 6.947048929935963901e-01 -7.496876830194607599e-01 1.299021924226120062e+00 2.020625431193533161e-01 4.989530199665777488e+00
-1.505264881967487200e+00 4.561555870084543218e-01 -6.194553571561425137e-02 1.596000411056357482e+00 1.510292827711652741e+00 2.746612408680841000e+00
1.730414778763593064e+00 8.159819158031608177e-01 -6.309270868367381491e-01 1.600409222129911102e+00 -1.727660926557422538e+00 1.873887636093617970e-01
-1.931862870929338838e+00 8.754411775208144064e-01 -5.868575251315807373e-01 1.463735773829306197e+00 1.916287008174648365e+00 -3.448881238523162640e+00
3.016343560725134765e+00 5.827292659526761565e-01 -4.171777060501572487e-01 2.489533659883400141e+00 2.072477014789059213e-01 3.783247371282656868e+00
1.685975926574450057e+00 8.527170326198325601e-01 -1.125827740098568785e+00 -1.601991945177860366e+00 1.681682950581076863e+00 2.866753641397054242e+00
-1.748105913919226095e+00 1.699790003874151134e+00 -2.573834600788776683e+00 -1.434225361621825234e+00 -1.684222520087153230e+00 -5.401367979561021215e+00
1.544960083362879599e-01 4.094971786304222316e-01 -1.021063088380149253e+00 -2.648639672766078257e-01 6.283592169063332289e-01 2.160046086824212452e-01
3.001041556709839853e+00 7.830154708104134498e-01 -8.943355260781521432e-01 9.054123358626233742e-01 1.790646751439602946e-01 5.385617340404568409e+00
1.695794225484334172e-01 3.506983532131155989e-01 -4.798578137086020323e-01 2.216019147948825374e+00 -2.127906034011647352e-01 4.056173827621285533e+00
-1.328593100559241347e-01 -3.615259748249612104e-02 1.394407586410300326e-01 -9.132812279379602938e-01 -1.680994256558805966e-01 9.064041621076931454e-01
1.914447110861988488e+00 9.808258315216233925e-01 -1.222273873560652646e+00 -1.656154462601867383e+00 1.904091713057773250e+00 2.885775622330049917e+00
-3.192169275213598834e-01 2.995862787239728098e-01 -6.762511554560592941e-01 7.319601211352636527e-01 4.887580435813886348e-01 -6.706181366737407057e-01
-1.210345768642375308e+00 6.530094630998165561e-01 -1.175929704700334311e+00 1.384739539104092199e+00 1.260259919372362258e+00 3.693714145536339366e+00
-2.793314076030046222e-01 3.794905386836868733e-01 1.301466172017549383e-01 2.610204178823996024e+00 5.751974701824892344e-01 3.599778295192076261e+00
3.035206078662130436e-01 1.441687321614681105e-01 -3.102949042305222505e-01 -1.084842443357069364e+00 3.447750391226364064e-01 1.059379368001820643e+00
2.912454170153475630e+00 1.056840818491144640e+00 -8.971939245020096321e-01 2.169196715086525451e+00 2.784660278829962365e-01 4.095579333573989622e+00
3.077082810049575734e+00 6.974770361188318279e-01 -2.448693210862618319e-01 2.994749891534629782e+00 4.568637257986163935e-01 3.273575562131509464e+00
-4.466943786659405835e-01 2.099336087012665386e-01 -2.472357154352525510e-01 1.492975710049223803e+00 4.481458492069487209e-01 -1.484502947486278090e+00
1.649175164732839427e+00 6.235944254299741196e-01 -1.012732934268294693e+00 -1.600585694399152104e+00 1.643298511477369050e+00 2.751377690269448451e+00
-1.651294097947688222e+00 1.619843605782877727e-01 -4.420854099298649476e-01 1.593096241084277276e+00 1.648145084762589141e+00 -2.860635815414681371e+00
1.511702004518573395e+00 8.658666093506388606e-01 -1.088012166878119080e+00 -1.557763753391882222e+00 1.513149503718951516e+00 2.919075021859779184e+00
-1.624843425757941828e+00 2.807581845199992876e-01 -4.088705055927010501e-01 1.577706156533475346e+00 1.624405484788665088e+00 -3.013287892455458028e+00
1.634240722968601567e+00 8.013728439105851642e-01 -4.313321885500115971e-01 1.593766210215689538e+00 -1.629935733635073936e+00 3.707269997649956794e-01
-1.290727902028295349e+00 8.437707267102340092e-01 -5.427031018320265243e-01 -1.485702172969340706e+00 -1.303636867526221765e+00 -3.125170128503713673e-01
-1.493444468545282566e+00 4.394080321309414838e-01 1.357957628287736196e-01 1.612939221027181791e+00 1.505906723464383701e+00 2.565014790211387119e+00
4.248002446718807668e-01 8.281052966263038329e-01 -1.001913624306267181e+00 1.936010318757760640e+00 -4.569738394785423652e-01 4.309602846457952552e+00
1.861846704833493849e-01 5.513590607172856872e-01 -1.116099664400364455e+00 -3.384300146758847938e-01 5.914506328641757626e-01 2.842702600265196167e-01
-3.481121940294936157e-01 4.139693420598879459e-01 -3.667277631489861967e-01 1.700046693652901508e+00 3.511742293005623017e-01 -1.708355714707532780e+00
-1.583675895612231654e+00 -5.165784379093719958e-02 -1.319613186044417685e-01 1.573150896609708527e+00 1.583454495310206767e+00 3.325219454516240347e+00
1.550668784274966905e+00 5.084242134142310521e-01 -5.947804718835331822e-02 -1.579529567138447721e+00 1.552668357289575640e+00 3.590610639100435098e+00
-1.864088068996534897e+00 5.043320517139422421e-01 -3.530967081828377818e-01 1.525326242460856241e+00 1.860636693243571393e+00 -3.299474286163224690e+00
1.876024145504018747e+00 1.015363388625885044e+00 -8.244817103209589604e-01 1.630503937876811138e+00 -1.870300924187485725e+00 1.998987283662906067e-01
-1.244275606864644779e+00 1.792590234407149152e+00 -2.571992522000863701e+00 -1.804470135913832429e+00 -1.340605221966473026e+00 -5.476640345384024222e+00
1.775444290658005464e+00 4.660415188634374206e-01 -7.468727784305576600e-01 -1.628257174016046971e+00 1.767314773035041142e+00 2.855101193593484243e+00
-1.801358601775277624e+00 1.289423611751015164e+00 -1.253485356122297389e+00 1.562362035742168809e+00 1.801200794906718583e+00 3.104675906945502994e+00
-4.138286543687157981e-01 1.948197815506023667e-01 -3.615045183905945536e-01 1.209482782211772633e+00 4.443343633259780878e-01 -1.174415732242336752e+00
-1.760332709881470281e+00 1.703536465820710832e-01 -3.717047680888717065e-01 1.609144098300692827e+00 1.756463225857551658e+00 -2.936663943605358540e+00
-1.999310797410228657e+00 1.070112898114101929e+00 -1.192060705551652777e+00 1.626308158228397804e+00 1.995915138269960032e+00 -3.007664599235318814e+00
-1.291389803610172748e+00 9.857189790698781540e-01 -1.800525875543047105e+00 -1.776597247118261835e+00 -1.380452052697702880e+00 -5.448662297574035307e+00
-1.305669240868440495e+00 3.708226356231272280e-01 -8.097121942638056463e-04 1.668678526392776140e+00 1.323996647492482470e+00 2.759421863650780349e+00
-3.227243327159826647e-01 1.254944808201859496e+00 -2.271983227373913117e+00 -2.766988556159273749e+00 -1.048654107926764389e+00 -3.335222547913489155e+00
-1.549536737316954849e+00 4.194478223193596755e-01 -5.885092346726973345e-01 1.567216004921669015e+00 1.549845611295799230e+00 -2.972487129927336102e+00
2.973371130066536416e+00 1.534742866285942142e+00 -2.094841767737526617e+00 3.093815130793642343e-01 5.822220027417055466e-01 -2.608948249929821661e-01
1.555068943691515493e+00 3.855849156321775051e-01 -4.854461737729888759e-01 -1.569230993591909984e+00 1.555141946545210319e+00 3.041725880919372127e+00
1.831475162402592394e-01 7.939462068864382438e-01 -1.035478912673778895e+00 -6.588116576317654127e-01 3.020384893290739003e-01 6.365243472816936032e-01
8.609672887007906172e-02 5.334362713075699869e-01 -7.514598741948002036e-01 -3.793684010588887490e-01 2.341594563771800253e-01 3.699403069287489632e-01
1.754819044144428242e+00 3.794974720603117024e-01 -3.909574934931643875e-01 -1.572929307761551598e+00 1.754801492515797978e+00 3.129943272552605738e+00
2.755182523570676723e-01 6.033584397481249750e-01 -1.092096094614663615e+00 2.599584391212539813e+00 -5.555137632252851176e-01 3.614489308952225866e+00
-5.364938242408959779e-01 6.244973619375587814e-01 -1.298226145074320437e+00 7.614098362952606003e-01 8.342954578383847686e-01 -5.694740356393046543e-01
-1.955203174676785505e+00 1.384655904054382214e+00 -2.135949888032389943e+00 -1.301381544136814172e+00 -1.848400681434362536e+00 -5.494023969266128127e+00
1.261506746469185147e+00 9.001048569087317652e-01 -5.995045595090070512e-01 1.476455131355284500e+00 -1.275798528914782848e+00 3.146349722644744551e-01
1.829515991740026770e+00 4.238650368359985765e-01 -5.188943317634807650e-01 -1.595901665778360456e+00 1.828317052699163225e+00 3.043319499353786650e+00
-1.812338764957132531e+00 1.641505069376051784e+00 -2.514053050646948062e+00 -1.384291456508985441e+00 -1.725178385460114150e+00 -5.396163209077908363e+00
2.935356879182560608e+00 6.944207215527926635e-01 -9.396064593766629836e-01 7.114682497904355474e-01 3.190428705659067998e-01 5.597216992274306691e+00
-3.698347430528275415e-01 1.625578440193643059e+00 -1.874446747222168197e+00 1.004761960743539850e+00 4.425499385495112459e-01 -9.579770063306959349e-01
-9.891291644741485867e-02 5.543164374955222851e-01 -7.855804839790010430e-01 4.083309314750152019e-01 2.511844468924494533e-01 -3.968334986142097454e-01
-3.113220437435370247e+00 -7.504849610535410109e-01 -2.617543271610517142e+00 -3.015503627837452072e+00 -2.281755926429669679e-01 -1.228619876871544919e-01
-1.154716583275005259e+00 1.024335713921941116e+00 -1.026929925491365747e+00 1.569655815547971622e+00 1.154712406028564731e+00 3.144422255741545769e+00
-1.814242130153456006e-02 4.636421843953285674e-03 -3.209165258690236389e-01 5.803656799027121643e-02 3.167828673544635931e-01 -5.514446525990548270e-02
-5.360773443718602760e-01 2.637798510945806307e-01 -1.516756246134397523e-01 1.757009805059409402e+00 5.465504193072719952e-01 4.495357309461523343e+00
-1.873554540742789376e+00 8.837344571756901024e-01 -6.735117306967612905e-01 1.505704027566598935e+00 1.866679399127023187e+00 2.921659327691994879e+00
-1.245770817468580427e+00 4.027161476176611132e-01 1.151801246014063640e-01 1.736103421933423707e+00 1.289647437490452297e+00 2.600243789993918142e+00
-1.140447392899920587e+00 9.851879939504409878e-01 -1.128405713080772754e+00 1.505376107227144100e+00 1.145136120733455609e+00 3.298948006975339631e+00
-1.178304721319720416e+00 8.279506618639370652e-01 -1.430712677513309439e+00 1.340281113222282716e+00 1.250242289823281894e+00 -2.501405187949786502e+00
-1.891984983597435610e-01 2.944087708187490549e-01 3.330273618540907643e-01 2.826394635579022818e+00 6.516452314042776583e-01 3.395247184595082235e+00
2.711808783593593897e-01 8.541091130821636401e-01 -8.813071032776762515e-01 -1.473160803405167085e+00 2.725096055963562858e-01 1.469450460729336827e+00
-1.512835553359592966e+00 8.986581388801759829e-01 -1.793237528851963081e+00 -1.616023157957797718e+00 -1.534527751987745159e+00 -5.387783948368069176e+00
-3.196441774334103370e-01 8.177192484914694859e-01 -5.954088457045603189e-01 2.158543999140303260e+00 3.871624355158117536e-01 4.088661764895098472e+00
-2.797095810736443533e-01 8.714613210460229187e-01 -5.555653538623774867e-01 2.395475723994546779e+00 4.188032896279380024e-01 3.842874371545947465e+00
-3.974511561802352433e-01 5.907705015332155307e-01 -5.247260231894022020e-01 1.726616990054112621e+00 4.026137452854204879e-01 -1.739922619814213700e+00
1.568062564255526814e+00 7.848675798917275070e-01 -3.692580020442685074e-01 1.569689720054440629e+00 -1.568289934605360259e+00 4.156182725286168278e-01
-1.765363347792001658e+00 9.580855017850137267e-01 -6.123552293521353773e-01 -1.637477799789841759e+00 -1.753710315559594779e+00 -3.518544832245245613e-01
-4.950010294629392793e-01 9.857866356075077607e-02 -2.644320423763133476e-01 1.273908995723269877e+00 5.198535949756777352e-01 -1.231911642493362269e+00
-1.438282882625045112e+00 5.169562329395506195e-01 -2.281278209857129091e-01 1.608748963262585541e+00 1.443797780730134761e+00 2.850343554333924612e+00
1.124706870637285805e+00 8.142998176327899129e-01 -1.168347034530736295e+00 -1.406490774248549958e+00 1.154159158744708202e+00 2.752743347402809793e+00
-3.954904955530906818e-01 7.333964276677374938e-01 -4.796459125809182100e-01 2.112273390151115926e+00 4.662576891468813156e-01 4.119806811420819059e+00
-1.742664341744406764e+00 8.937848081903847497e-01 -1.031806214396457699e+00 -1.546918980799251608e+00 -1.741007887541221377e+00 1.400546174266310284e-01
-1.074691401148956782e+00 8.646164758399925709e-01 -1.938178983965406443e+00 -2.014828033409693742e+00 -1.341741964398150522e+00 -5.157699485651000337e+00
1.939315726920819660e+00 7.284478620817116390e-01 -9.013428100664265807e-01 -1.637129819286087029e+00 1.933559389681471119e+00 2.956533212631607732e+00
6.515876078690197026e-01 4.807738179437829884e-01 -8.340834979726613474e-01 1.996706640271717514e+00 -7.287528614333947941e-01 4.166008112624665749e+00
-1.334919188369123377e+00 1.057302572667501828e+00 -1.284353293812951380e+00 -1.624846004712784842e+00 -1.341077015594753341e+00 2.332851804650528105e-01
-3.044657968205207510e+00 -5.686736298393829658e-01 -2.471820766372649469e+00 -7.672193313043244034e-01 -1.399457863468290264e-01 -2.379281674620979725e+00
6.175689244261434174e-01 5.282118464680900516e-01 -7.074848825122018736e-01 1.816812575302380495e+00 -6.397922374632115661e-01 4.409049207088085787e+00
-1.440396728779325786e+00 1.721933527094774208e+00 -3.124058078450050679e+00 -1.699369267546031681e+00 -1.548962298593156151e+00 -4.879648460741361049e+00
-1.199673220484249736e+00 9.802541333646308530e-01 -8.548493263862503300e-01 -1.522153868092657181e+00 -1.202722032261417606e+00 -1.344674425034749210e-01
-1.691628669783758365e+00 8.157748209334161338e-01 -6.224039756015631308e-01 1.547467607498947517e+00 1.689360018426066867e+00 2.946830681798914053e+00
1.555247749361432730e+00 7.307572495557755898e-01 -5.552302351369309275e-01 -1.573514402502578680e+00 1.555481144681313266e+00 3.317147070593833735e+00
-1.469804487882529376e+00 3.526180516028044609e-01 3.095861295120924672e-02 1.608706735744835026e+00 1.477161414252240013e+00 2.756232685584151465e+00
-1.878341403901490070e+00 1.503225845571134478e+00 -2.048710876132865621e+00 -1.407470437766511040e+00 -1.832556788788822555e+00 -5.716149915805445403e+00
3.821684484511675972e-01 3.998720360517803996e-01 4.617902801144620900e-02 -2.391447836239535718e+00 5.788791822049813574e-01 2.479138735450642006e+00
-3.173468213757572598e-01 4.648604976306754399e-01 -4.625068820120375457e-01 1.578128395551802621e+00 3.173542211191100471e-01 4.704681000911124400e+00
1.646910471112216778e-01 7.396488521225613733e-01 -4.816220465369470682e-01 5.770664615402550934e-01 -3.051175486734939990e-01 -5.556535775457570603e-01
-1.778492845028029734e+00 5.785058517253682808e-01 -1.102168020269189475e+00 1.675788125977572873e+00 1.750327038732532037e+00 -2.608475016407871827e+00
-4.904148762110537851e-01 2.027548448134158243e-01 1.168211500263208885e-01 -1.039041559553466554e+00 -5.781503550153885840e-01 9.584248432963961006e-01
2.194933807826989769e-01 4.416687696801414598e-01 -5.336986551890545716e-01 -1.179800958041742787e+00 2.377208586698408843e-01 1.169653735834218944e+00
-1.179745071659201949e+00 1.789953111548210130e+00 -2.518742518532504082e+00 -1.838766894410832409e+00 -1.282476395594459362e+00 -5.515259495324321470e+00
1.264516107547829948e+00 6.151398302947068686e-01 -2.494660899258093478e-01 -1.683387762967909929e+00 1.285360874373901341e+00 3.523453743800528670e+00
-5.768228526982807081e-01 4.095258450898271452e-01 -9.805990445979831938e-01 8.775823307478031188e-01 7.880906402279137524e-01 5.579352441079247882e+00
-1.210304832392615770e+00 1.765542747612954821e+00 -2.522743287559995995e+00 -1.824170331719294769e+00 -1.311544658257092655e+00 -5.492774482431109995e+00
-1.207518726947889753e+00 2.655714796280949086e-01 -6.932318930408873370e-02 1.644798160187157965e+00 1.214801495050055857e+00 2.932014576014632112e+00
-1.768010106836256368e+00 1.025188760766273743e+00 -8.698251701562584870e-01 1.539887378349014568e+00 1.765598062144897895e+00 2.983203593110563823e+00
-1.059769954028338290e+00 1.650106331999973142e-01 -2.203391573556955085e-01 1.539783328415933017e+00 1.060631936903210670e+00 -3.078163943472058683e+00
-1.302792303151797837e+00 5.628394778220104921e-01 -3.294014938209917642e-01 1.634242383754245909e+00 1.310228529070970982e+00 2.899830385083213002e+00
-3.512396751375162496e-01 3.936395920277802052e-01 -1.931196878002048312e-01 2.068831150302261612e+00 4.023765314439420315e-01 4.178657334862880823e+00
2.598047034685924128e+00 1.070798520154375044e+00 -8.651854818908176759e-01 1.896674493692981578e+00 5.774580441637749972e-01 4.329026557048359258e+00
-1.550595637765347146e+00 1.296824579588993498e-01 1.441969325235717414e-01 -1.565328465204529840e+00 -1.551343677375406571e+00 -2.739391112382859039e-01
1.716814524444403717e-02 8.199412182678232908e-01 -9.629376550903018250e-01 3.020981866015135520e+00 -1.440145587579291508e-01 3.260973390872178523e+00
5.741574692796995727e-01 1.651863724301404934e+00 -2.250399659391005169e+00 -8.542279318306424951e-01 8.042022067365989235e-01 6.725495953285880457e-01
-1.492464885842599731e+00 1.013649107123269832e+00 -8.088306619946633580e-01 1.586756669717720225e+00 1.494111154776606831e+00 -3.347018031121291592e+00
-9.792226277692457626e-02 1.067655951003154413e-01 -7.090361360612434938e-01 1.716781511434649909e-01 6.092146274590636290e-01 -1.412437623971633804e-01
2.718756429827977161e+00 8.815553428992459750e-01 -1.121768548945664801e+00 1.084478884107944685e+00 4.826959703277104996e-01 5.250500300092340922e+00
-1.762371137267696009e+00 1.192696695843059151e+00 -2.335965723779726666e+00 -1.396100172587014354e+00 -1.649818034189115767e+00 -5.132986961601183395e+00
-1.641844986057100275e+00 3.464887541559468764e-01 -2.777369870740528657e-01 1.565909101842749340e+00 1.641671620964797462e+00 3.072660198500816620e+00
-4.037650743836830314e-01 3.902191912289895148e-01 -5.946728542547817797e-01 1.127075299785339935e+00 4.500312594528024235e-01 -1.085090090382311079e+00
-1.473853739320749590e+00 1.259636421929116908e-02 -3.962427030596615274e-01 1.534416099960397295e+00 1.480915488430144089e+00 3.526868227988456006e+00
-1.471563513437325277e+00 1.320330445175094125e+00 -2.193090151326279713e+00 -1.646924466427054368e+00 -1.507073746010012982e+00 -5.407993728158307256e+00
-4.824192464867944063e-01 6.278605118826813269e-01 -8.182173372758605456e-02 2.352048322215256171e+00 7.120007350574647509e-01 3.793589911002226867e+00
-4.794511341375845559e-02 4.832586135819396667e-01 -1.396832969594752616e-01 -1.412232223450140545e-01 -3.467742295212185577e-01 1.329046231057077754e-01
1.329609225883632506e+00 4.465123491080180695e-01 -1.573102084225707908e-01 1.500754859978184586e+00 -1.339807290813133323e+00 2.973393983901210791e-01
-1.562920379300593465e+00 9.986763941824494673e-01 -1.022380442125717881e+00 1.570611163112984654e+00 1.562916404267633341e+00 3.165293377964622845e+00
1.260355706967409839e+00 1.214947993455459230e+00 -1.164926143660615754e+00 1.554753409745564641e+00 -1.260751018894121112e+00 5.253261471739806981e-02
-3.616291692281882186e-01 6.756707993272006441e-01 -2.581513192052191652e-01 -7.507583057787133862e-01 -5.452900773255997535e-01 6.733403863312851234e-01
5.544511674460833595e-02 4.918441360980844723e-01 -1.166068058490111747e-01 3.291654480599153221e+00 3.791208209570380849e-01 3.002058305876672772e+00
-1.207263385270835876e+00 7.472504668677067974e-01 -1.000211212249525694e+00 -1.665718846492239447e+00 -1.219337069817842956e+00 2.698221103934971832e-01
-1.367375888420034435e+00 3.041386264955188157e-01 -1.785183747596079951e-01 1.596640912844815574e+00 1.368996483910867035e+00 3.013347580371728451e+00
1.638847127319861485e+00 8.512715791214456873e-01 -1.301360128679140971e+00 -1.600438123261660461e+00 1.632067248825467498e+00 2.690593699239217429e+00
-1.401956981335507502e+00 1.188976658521036844e+00 -2.550943182487862337e+00 -1.736037430658192493e+00 -1.535947909039497628e+00 -4.918326795170175458e+00
-1.561361545143507445e+00 1.563746815400693047e+00 -2.207180062418129474e+00 -1.576458510900157872e+00 -1.563242142465100626e+00 -5.639726106775079906e+00
-3.153118197379328191e-01 8.025632824796291587e-01 -1.347829788063836798e+00 5.614313145807793282e-01 6.217832034377187567e-01 5.810592957534788106e+00
-2.072430310574978063e-01 9.926947326748959410e-01 -1.206112072083243891e+00 -2.359769139613904887e+00 -2.963760662804403312e-01 2.382047175650670479e+00
-1.293845608321868346e+00 6.466154277716775756e-01 -6.443133911488352350e-01 -1.570135672647286151e+00 -1.293840956386572039e+00 -2.401336529480053994e-03
-2.016493697795824769e+00 2.158219419369209746e-01 6.092781395620962964e-02 1.440986680988589841e+00 1.998386826727106769e+00 -3.446573532572775100e+00
-3.130818407642411927e+00 -6.199347927276280812e-01 -2.597451489532877300e+00 -2.999227984509937439e+00 -7.655393807069788004e-02 -6.425141217297800189e+00
9.775258283675923587e-02 1.878849883429851264e+00 -2.311417453929269339e+00 -2.298443650693821061e-01 4.427900252813778970e-01 2.083495918900389321e-01
-1.924897997131790772e+00 4.971839552814868446e-01 1.218357899999287230e-01 1.359492782349435158e+00 1.857093860143988140e+00 2.491997060476591752e+00
-1.157783057865002574e+00 7.303935162358765609e-01 -9.012554069020803915e-01 -1.645163141531597928e+00 -1.164149416873988541e+00 1.861944824778117846e-01
-1.657571532607282183e+00 4.475408887934929081e-01 7.977008230219473361e-02 -1.614542578428890485e+00 -1.645755554843236323e+00 -5.289581708760958678e-01
-1.039957607661544658e-01 4.783633936530021225e-02 6.599512004407943888e-02 -7.426801297195609886e-01 -1.540331895387856975e-01 7.367498953309776777e-01
-1.803246279425268161e+00 7.220333405384647962e-01 -1.015413989123905791e+00 1.639148988464472989e+00 1.793137478306011001e+00 -2.840582728332273543e+00
3.280869402858947043e-02 5.120222722185063802e-01 -1.334472095086357002e-01 8.832713606403091999e-02 -3.799240146547794850e-01 -8.204258598279597081e-02
2.625153295681749085e-02 8.448241903876593240e-01 -6.445726337031674191e-01 3.272316608310349650e+00 2.019431236985110845e-01 3.013505470785410978e+00
3.122907452215675672e+00 7.205203656063992046e-01 -4.233323251658202002e-01 3.077521164953121779e+00 2.977567109490300012e-01 3.202865862626924631e+00
-1.966604526443024969e+00 5.690813324860840572e-01 -3.094789193565826158e-01 1.463937611725365739e+00 1.952637684568494736e+00 2.861309022370309485e+00
1.729054796073858036e+00 9.507838261726058171e-01 -8.446864863596506012e-01 1.587695153170216589e+00 -1.728151626986064615e+00 1.074347793143030916e-01
-1.941848285628322790e+00 6.176581388773417780e-01 -3.884543331358550344e-01 1.482623806301677671e+00 1.931687534764604086e+00 -3.386900323299080195e+00
-1.625995300153389167e-01 4.661351492683729614e-01 -1.238324419767983242e-01 2.687201899821522577e+00 3.775833715322599038e-01 3.567820292545135885e+00
-1.351522135716282325e+00 4.824850322311182715e-01 -3.775980240595926407e-01 1.594130130790840871e+00 1.352741998872950768e+00 3.034143772351036272e+00
-1.800765166196199196e+00 4.431233093555872471e-01 -6.230203401219567283e-01 1.612661477555918932e+00 1.796993963028228114e+00 -2.956933475524641253e+00
-1.939645388931476644e+00 3.666503572159232616e-01 -8.505572126226074170e-02 1.463788606142899962e+00 1.924459706065096976e+00 -3.442336344126465164e+00
-1.456096657119981153e+00 5.933150929578021593e-01 -6.301944469571914009e-01 1.566552458946358417e+00 1.456169326613849346e+00 3.178708955244528234e+00
-1.425290096370074311e-01 1.613374979913263285e+00 -2.531587793725807778e+00 -2.962907939639151333e+00 -9.259434355374228653e-01 -3.249729803804179085e+00
2.360538498330420898e-01 4.988598350089818445e-01 -5.431777486300820579e-01 1.753162093025688817e+00 -2.401031790578508629e-01 4.524767809942676244e+00
-1.665053648561114041e+00 6.257044917681631180e-02 1.000650699946333128e-01 -1.586100766001256934e+00 -1.663801416809876921e+00 -1.633542356314696686e-01
-4.982597739783652807e-02 6.625476137994286141e-01 -1.325796481820425532e+00 3.222412798877855256e+00 -6.648293068820243512e-01 3.077932761994798927e+00
2.771234621688101751e-01 1.941782186847736402e-01 -6.501247248617104679e-01 2.567972175691589420e+00 -5.284448432966657450e-01 3.650525928874947645e+00
1.702305636385168075e+00 9.341103349553787627e-01 -1.156003422649007240e+00 1.541694093671331922e+00 -1.699057222355679908e+00 -2.237591191258636036e-01
-1.049781565141956613e-01 4.434719290790721247e-01 -8.215518481367924952e-01 2.779513916719347777e-01 3.917143397095668167e-01 -2.578492308800430233e-01
2.691498153685139769e-02 2.962457437425758955e-01 -5.134160810785386442e-01 3.016887801356175292e+00 -2.188047901203787338e-01 3.263362481036166773e+00
-1.184070598627995130e+00 4.302345778145508226e-01 -2.688301784753310830e-01 1.636159665537510799e+00 1.189353139049871944e+00 2.967552761860642541e+00
-1.477293355093123983e+00 5.044355638988905488e-01 -1.223326081668917764e+00 1.509119495394934063e+00 1.500469943134068895e+00 3.862650625141488270e+00
2.678310312391936066e+00 1.002988576021823119e+00 -1.261172686585874336e+00 1.098315456549107116e+00 5.257623928267037838e-01 5.246090655085462018e+00
3.032288316701740705e+00 8.917541497242719162e-01 -6.634568275210944721e-01 2.690381068951635424e+00 2.527048984458878378e-01 3.580261076689854605e+00
4.106607657660743538e-01 1.768681267054812156e-01 -5.083089862566649852e-01 2.212672061591272055e+00 -5.217377275783375845e-01 4.000875531622549275e+00
-4.078897540318459636e-01 6.925769507034642558e-01 -2.503045874344840271e-01 2.351465951350613093e+00 5.923453629612825955e-01 3.838795407866234299e+00
-1.366706817812634034e+00 1.877814242748849116e+00 -3.121637578615832798e+00 -1.764352131442020966e+00 -1.505652181303390513e+00 -5.033028989970715017e+00
-1.915011672540127163e+00 1.088086262777603563e+00 -1.903364790924961136e+00 -1.315539737533708564e+00 -1.804289063383061498e+00 -5.437805631819450092e+00
1.731340684895396054e-01 2.550124245364578379e-01 -7.200890009778165846e-01 -3.717421789693594047e-01 4.940470449109973794e-01 3.306438295437671981e-01
6.203313620884504109e-01 2.090657320137961350e-01 -1.475227839812632280e-01 1.484988847274541168e+00 -6.229775494965018590e-01 4.817927798212254586e+00
6.382226677287307082e-01 3.761240164089474924e-01 -8.206760597323187190e-01 2.096174173895073434e+00 -7.596217941416854025e-01 4.037938438459588220e+00
-1.239743030783737598e+00 7.275345885064771201e-01 -6.194808669018784242e-01 1.607852652238376701e+00 1.241741971095411179e+00 3.027378413358823739e+00
-1.888470134333876560e+00 1.646755371587964811e+00 -2.164856150675960933e+00 -1.409375373315238322e+00 -1.845599969215777181e+00 -5.742711669760070414e+00
-1.947890000258478915e+00 5.552116685219188330e-01 -1.025631056158149867e+00 1.748415249637659485e+00 1.905213118668123817e+00 -2.641120991085780467e+00
4.153500870949606294e-01 5.734979447027082067e-01 -2.400511360317854337e-02 -2.440272071886048888e+00 6.756767044936775601e-01 2.558923270410161876e+00
1.696912681741880480e+00 8.069133055134299903e-01 -5.341665568204279069e-01 1.604936404920166204e+00 -1.692221496627089428e+00 2.748290421069115586e-01
-2.145823628774551073e-01 1.338896759084712007e-01 -2.803234747853631248e-01 9.805822239945203300e-01 2.591499712164909708e-01 -9.647834110691266840e-01
-1.758790292744568440e+00 1.000575292403391048e+00 -1.236711692289397035e+00 1.615273301677653928e+00 1.753507408483779395e+00 3.381801847218173229e+00
-5.251616698022555374e-01 5.623243580499732719e-01 -3.757010395854936680e-01 1.880611909808452831e+00 5.543951886310407584e-01 -1.930910006967038628e+00
-1.385119163004038256e+00 3.157276873466180467e-02 5.189462973890018871e-02 1.586461260618394542e+00 1.385768748954862684e+00 3.056664475951139881e+00
3.679296281733319129e-01 4.697706972701775618e-01 -1.035401348489940032e+00 -6.235148669959941214e-01 6.636583070623637282e-01 5.154752854642001836e-01
1.236727934536992146e+00 5.782375329048509149e-01 -4.542668777529200175e-01 1.527895989177066038e+00 -1.239385086464940722e+00 1.311559628913622211e-01
1.446410081552261584e+00 1.587220997372809084e+00 -2.094880466170276456e+00 -1.510091237083678317e+00 1.462169676144875474e+00 2.630635737780498751e+00
1.311707846245467435e+00 7.232148882079219021e-01 -4.183556585655786586e-01 1.491401284984596343e+00 -1.323905560654494495e+00 3.147228805025420462e-01
-2.682591397754390261e-01 3.395458002083498461e-01 2.979433772522528667e-02 -6.506460407773283494e-01 -4.528353426188440611e-01 6.002449098751042600e-01
-1.742658029641203754e+00 6.992791898459583821e-01 -8.722677428109881781e-01 1.600664310653664213e+00 1.740062186698483782e+00 -2.966074987782935768e+00
2.532441803763286536e+00 1.322726436692336582e+00 -1.243393834591304037e+00 1.683921935871655062e+00 6.136412338224835894e-01 4.574312976530699792e+00
-1.350838945686818060e-01 4.641252334508686461e-01 -1.054154749799084634e+00 2.395734343255469800e-01 6.035079854167365587e-01 -1.984671509756918695e-01
2.451453805181271206e-01 2.616160506969746891e-01 -4.882485966388679377e-01 -8.388283305764714370e-01 3.323012760856969283e-01 8.107919146659252618e-01
2.762835618286695105e+00 1.102641984240279482e+00 -1.166101147126324733e+00 1.412824350121298034e+00 3.837804512044321603e-01 4.882528729335996687e+00
2.641509081581268070e+00 1.027192672523588701e+00 -1.069040349833789039e+00 1.494419409571099422e+00 5.016803373290406043e-01 4.799454983217044557e+00
-4.567343264999948471e-01 2.563061912620037130e-01 -7.872790512548114572e-01 7.703543618761762302e-01 6.857872687746922047e-01 -6.441293209029254063e-01
-3.609006122075981288e-02 8.876681276576064983e-01 -8.063006783375474829e-01 -4.171279374083462499e-01 -8.899726788955726609e-02 4.156589158677542195e-01
-1.891034827656095096e+00 9.066038447927821098e-01 -8.804807639133105379e-01 1.562132101839062370e+00 1.890916083724757168e+00 -3.169119746314723152e+00
-3.180536755241279434e-01 4.761625444481182301e-01 -2.520128828395348797e-01 2.164797193707950651e+00 3.868992455199071756e-01 4.082292268440161465e+00
7.403593579176034334e-01 5.252089583097770964e-01 -3.785535805240392571e-01 1.412253491420722096e+00 -7.520349076904842001e-01 4.927931319800609167e+00
-1.362628372518399633e+00 6.820649094763076015e-01 -5.315276122570626871e-01 -1.539123877236024285e+00 -1.365011701301471314e+00 -1.538149345988627514e-01
-3.106513056861120337e+00 -6.359609341632749269e-01 -2.215401820340004324e+00 -1.222394471570049934e-01 -2.922796019234923381e-01 -3.024481232570775280e+00
-1.536412001066553623e+00 4.802224503531998812e-01 -3.459016150247586352e-01 -1.566186704567925414e+00 -1.536716833495146206e+00 -1.344064019813290545e-01
-1.411046255685533546e-01 1.793777951963710482e+00 -2.839216044866069044e+00 1.627417857400693668e-01 1.051185567390267472e+00 -8.135029155166990933e-02
2.825383276242015462e+00 1.182518212691301862e+00 -1.021556403807409419e+00 2.026355153962885236e+00 3.535898159498530036e-01 4.231113369868129581e+00
-1.968461627568395711e+00 1.888668234470915142e+00 -2.813045294430439380e+00 -1.247277592227918230e+00 -1.806221746147649299e+00 -5.320208708433094458e+00
-1.448103237577955227e+00 1.495202477676050412e+00 -2.530071501008131385e+00 -1.676428285013962238e+00 -1.508256068378003745e+00 -5.245003087531691754e+00
-1.318591042438414851e+00 1.868433537163001867e+00 -2.720051152275416495e+00 -1.762299612862996856e+00 -1.405654339163473043e+00 -5.415664051444942118e+00
-1.756768695635602562e+00 1.159014489924317659e-01 8.078306129167323046e-03 1.547534223415792498e+00 1.755319710049753956e+00 -3.267732476278737863e+00
-1.330232994392218204e+00 1.007482645208854111e+00 -1.242241492088459021e+00 1.513798233804781512e+00 1.336950012707913471e+00 3.383045262187337254e+00
5.514735038542976087e-01 4.381442276112050282e-01 -6.333993166834224198e-01 -1.265210666517122995e+00 5.816338169289241300e-01 1.209802857685898569e+00
-1.763824575787791726e+00 5.655997315111966905e-01 -5.260786005316343827e-02 1.475159436942949487e+00 1.738718448983448406e+00 2.620538525968170163e+00
-1.158200501124683868e+00 9.464888645963417391e-01 -6.059194132140588440e-01 -1.425607036916724857e+00 -1.183202791149585487e+00 -3.691204929359028220e-01
2.812627437970229849e+00 1.093866608636109516e+00 -8.927004248075536275e-01 2.100440977788795127e+00 3.836815064001715125e-01 4.149244844009062128e+00
-1.803359911858251952e+00 1.128163213767596346e-01 -5.512823496930447931e-01 1.671013559505830637e+00 1.781007399210392306e+00 3.590633354247736886e+00
-4.043439131697682543e-01 1.044700399008765102e+00 -1.363383631340237656e+00 9.388128736171195143e-01 5.093292220348824006e-01 5.410228432861990733e+00
-6.126658892858343197e-01 2.481550274237120379e-01 -3.979526770023631976e-01 -1.779949553335762102e+00 -6.284186735101646715e-01 1.827409302539043656e+00
-1.998724724203157499e-01 4.571875603522091991e-01 -1.302328404365794279e-01 -5.625424791882819298e-01 -3.813304890662232993e-01 5.294675742493010207e-01
-1.149923304239149902e+00 1.478684205760995907e+00 -2.422596754674545050e+00 -1.918576581675557335e+00 -1.328767425159003590e+00 -5.296549197088996408e+00
1.288324840765727730e+00 4.509114570571409186e-01 -5.077381014400066395e-01 1.587272041837672898e+00 -1.288788175737042296e+00 -5.915759184320325964e-02
-1.348826988340284361e+00 1.214140401266552843e-01 -5.068170812157326566e-01 -1.655431515748480020e+00 -1.365345964108677590e+00 3.941253696790286143e-01
-3.700682041202550399e-01 6.228682935760229133e-01 -3.384956485399650550e-01 2.197032828208054234e+00 4.626819120785082284e-01 4.032577050390995232e+00
3.039511026183690845e+00 7.614648204736509385e-01 -1.201544374519796676e+00 3.377586615766883682e+00 -4.510023394699489985e-01 2.928449314331888598e+00
-2.210098410624464993e+00 1.303275067665572218e+00 -2.410762197039032717e+00 -9.838899576025346150e-01 -1.840696237113098155e+00 -5.093680321385616772e+00
2.616460729547413155e+00 1.160289973335226543e+00 -1.115625367332703233e+00 1.647738403300160304e+00 5.268477795528533347e-01 4.623440756368450977e+00
-1.684147733401219593e+00 3.887620452212643407e-01 -4.575756484560765114e-01 -1.562967964672865362e+00 -1.683873057668471507e+00 6.924988020475289496e-02
-1.732882799456471057e+00 1.481462718651958665e+00 -2.469275192418477705e+00 -1.435124852624708458e+00 -1.659748406346272187e+00 -5.289319114369262387e+00
3.212641683805282818e-03 3.062720325397311205e-01 -1.016336017993638013e-01 3.156954423293878875e+00 2.046633322050138148e-01 3.126560049200047597e+00
-1.344882742743736870e+00 1.873581077617612278e+00 -2.953695246937309893e+00 -1.770809857655746056e+00 -1.465042186262796031e+00 -5.192442128019115977e+00
-3.154641540364059860e-01 1.779157430975315812e-01 4.402893856129589945e-01 -5.127710065041544141e-01 -6.845515032573066261e-01 4.112769510319829736e-01
-1.773817046299609457e-01 6.543528578952257924e-01 -6.374064501227758583e-01 1.665330330092679612e+00 1.781804244870399401e-01 4.616348421580934946e+00
1.967970887851306694e+00 6.297763802111757681e-01 -4.723377139789918799e-01 -1.505119534921087521e+00 1.962783548134177991e+00 3.312083304003733630e+00
2.970487272863810535e+00 6.459139923223111701e-01 -6.026529202430742638e-01 1.816343590169582800e+00 1.764376882806110158e-01 4.463131418173735376e+00
-1.447776903325205922e+00 5.049466158814260863e-01 -4.851077478536001131e-01 1.573253526806316360e+00 1.447795811986288372e+00 3.121595253090197808e+00
5.981366602555088230e-01 7.766012408814830792e-01 -5.385781465765955289e-01 -1.903875123907086353e+00 6.383388825155593693e-01 1.977576874085678726e+00
1.801385910467889540e+00 1.140826662842922445e+00 -1.151906532346576251e+00 1.568195585460794961e+00 -1.801365409999082567e+00 -1.137781730100949004e-02
-3.386989126039738895e-01 5.492962628523272439e-01 -2.758357997257885885e-01 2.224722995450262086e+00 4.319725716426210393e-01 -2.271767056636236681e+00
3.652975217284637477e-01 2.880209704384375513e-01 -8.872147618756357490e-01 -5.959333875404621006e-01 6.899023707999525357e-01 4.819465802184118020e-01
-1.205335481486127458e+00 1.040722208847417507e+00 -1.734313723327371548e+00 -1.810715246147519109e+00 -1.292399478838475169e+00 -5.555820424607421870e+00
-1.433392208616136365e+00 7.072771775904622693e-01 -1.091237634104986753e+00 1.519047460576006481e+00 1.443447035109781007e+00 3.528849485351935211e+00
-3.186247680016562334e-01 3.934769077936733916e-01 -1.095373168415501919e+00 4.723291167857444073e-01 7.594865682657051531e-01 -3.548179237758910531e-01
1.609917280639702408e+00 5.603325127017558804e-01 -7.547125140729134263e-02 1.589034685563628591e+00 -1.605401137811810708e+00 4.851844173406246186e-01
1.594727691054465685e-02 3.409153178735456757e-01 3.440268122273314466e-01 3.166888613334561509e+00 6.850983139289190671e-01 3.121985964316412066e+00
-4.726213023790106216e-01 1.820175421917867631e+00 -3.074351266884193468e+00 -2.648005091798433241e+00 -1.289893845765333058e+00 -3.289646453852007824e+00
-1.333342581146606864e+00 6.275701835632385706e-01 -8.260553421185115042e-01 1.523114516783845573e+00 1.338085715281721821e+00 3.345646187207186983e+00
1.868395808130953739e-01 5.743091341812523593e-02 -1.259970860374640955e-01 -1.222775229773194416e+00 1.988863891229156744e-01 1.216349193190359168e+00
1.698614764546545752e-01 1.636868388716611888e-01 5.072608098916322472e-01 2.690938408053526465e-01 -6.888801866542899610e-01 -2.097488753730000488e-01
-1.819707409211383631e+00 4.544124706024880167e-01 -3.080391380218884256e-01 1.533739467291040492e+00 1.816985034891425377e+00 -3.292558965702303553e+00
1.251790775391045107e+00 1.012720098064368912e+00 -1.250886725372646335e+00 1.648558141827123791e+00 -1.261093612776172712e+00 -2.503081775150909349e-01
2.959455135859397679e+00 1.680164031887265264e+00 -2.052407243747259358e+00 4.687046387204850673e-01 4.125409607415619906e-01 -4.343164111402454397e-01
-1.391627043748051351e+00 4.697779658498044131e-01 -9.537348180542190024e-01 1.486729529547598405e+00 1.412381914454493792e+00 3.632221143076172609e+00
-2.840497686756056628e-01 5.101647046242966388e-01 -3.634435700661737823e-01 2.034870742945398714e+00 3.187914022817854298e-01 -2.055887750564461047e+00
8.160332974399794881e-02 6.211592925019121525e-01 -1.309115112338893994e+00 3.013492710108735206e+00 -6.919880714458662707e-01 3.240446594079418485e+00
-1.969455504818418801e+00 3.156343744374092153e-01 2.294962220694353738e-01 1.355760136816847483e+00 1.909129413923408070e+00 -3.723595319788484126e+00
2.688086311489737423e-01 6.062711585759144040e-01 -1.245625064444795482e+00 2.709058276459640258e+00 -6.861878398818542779e-01 3.484663042227650109e+00
-4.953656974984257944e-01 1.238592020898942048e+00 -2.221504800083422992e+00 -2.565708794872637366e+00 -1.061072814146241772e+00 -3.448403353494772006e+00
1.309599441691617683e+00 1.866977236931061324e+00 -2.329861829150324137e+00 -1.452003790316432230e+00 1.337632106170714374e+00 2.664785422581683161e+00
1.280630403633246095e+00 7.825937744525175432e-01 -1.162744270562762861e+00 -1.460453185654251751e+00 1.301875060482278412e+00 2.746504281358663757e+00
-1.220665633749714596e+00 1.803581570999644779e+00 -2.684742970023033415e+00 -1.845410888154529250e+00 -1.350773338995270523e+00 -5.371493671275715087e+00
-1.694100813311059106e+00 1.415645073714683067e+00 -2.663211915499078319e+00 -1.453819520393624609e+00 -1.609866345160506196e+00 -5.033323502829031959e+00
-3.614043794489993355e-02 7.694857847995378863e-01 -1.191752972148788059e+00 8.800295181961655111e-02 4.237118652631061688e-01 -8.025621252243630988e-02
-1.726429798767479928e+00 1.930259137792697810e-01 -5.656215828150960023e-01 1.627851675700835221e+00 1.715678048886086771e+00 -2.764849129764473723e+00
-1.346326231078207869e-01 1.010321724410847333e+00 -1.330102669321023612e+00 4.068131196439295216e-01 3.460718721405551257e-01 -3.850694013383691994e-01
-1.412471959812986899e+00 1.473276752410240142e+00 -2.721066173073509287e+00 -1.721062518198682501e+00 -1.520725449055981615e+00 -5.031619019746333521e+00
-1.260878748191574861e+00 6.738523695900680011e-01 -5.032883813451696220e-01 -1.516486128143127443e+00 -1.265517640377172848e+00 -1.789285801018950239e-01
1.340757398795302813e-01 5.535915476460081530e-01 -1.845860516790265859e-01 3.576581446692766453e-01 -3.915600034816211217e-01 -3.326012662590781543e-01
-1.719923016730487975e+00 2.264501102467073590e-01 -1.486492983129856782e-01 1.559120421496807074e+00 1.719463505791164026e+00 3.062914691751700502e+00
-1.873175570944482837e+00 1.073261803073495280e+00 -1.831322740726168297e+00 -1.359529673693744334e+00 -1.788759533159151704e+00 -5.501920546205368190e+00
-5.520279667104607269e-01 3.850503859120093519e-01 -4.381080590178022538e-01 1.484976280618202082e+00 5.543059684607046789e-01 4.813241164351104828e+00
-1.520138426366937967e+00 9.163504260195148854e-01 -6.816466166747000566e-01 1.582589391297066772e+00 1.521522868615948765e+00 2.906592276279212239e+00
-1.997048940046720178e+00 1.630158551462180361e+00 -2.887790015969802226e+00 -1.163005980452167520e+00 -1.698511188349387746e+00 -4.999103706692440419e+00
-1.748835914241265721e+00 1.868652829654759706e-01 -5.326196500526597655e-01 1.631705575752260939e+00 1.738191680342661583e+00 3.492451922928234698e+00
5.377346496662077646e-02 2.908501136500040718e-01 2.192097069223303274e-01 1.096582538152332531e-01 -5.126382209678286284e-01 -9.563827462759534603e-02
3.372458616793790886e-01 4.974033443931753506e-01 -1.560214182015942815e-02 -2.493707245216983281e+00 5.803949122748109923e-01 2.577305920876682865e+00
-1.809732435980924148e+00 1.546469741591700586e+00 -1.778324017620215969e+00 -1.514881876621391399e+00 -1.803213237028375771e+00 -6.044800393339368583e+00
-2.034469943934318348e+00 1.532444617582679802e+00 -2.187493504294468316e+00 -1.275105578456466660e+00 -1.933347353420526327e+00 -5.573549325092351125e+00
-1.501398841048948274e+00 3.681248772859910257e-01 -1.032259220885167750e+00 1.527980500421134646e+00 1.516159615593540622e+00 3.806892995519107536e+00
6.323218078356279692e-01 5.010481560255616307e-01 -9.120922281333567749e-01 2.070084827200350031e+00 -7.385254737255103619e-01 4.076919090807288093e+00
-1.718176189155639522e+00 1.918270244228996058e+00 -2.813253912509877441e+00 -1.455486089726730992e+00 -1.662777651428031689e+00 -5.382881599529422800e+00
1.429941998832838346e+00 6.218284572688593803e-01 -1.130821350489789268e+00 -1.501812407568911212e+00 1.447887930421932756e+00 2.628357065361378364e+00
1.705055647703259680e-01 1.044759798417858265e+00 -7.683302228564463654e-01 5.626528245264454942e-01 -3.236373440099011289e-01 -5.388792124416883489e-01
-1.509746397430003828e+00 1.287738833769185742e+00 -1.365383822905464450e+00 1.566055768689284200e+00 1.509924104312453386e+00 3.219380345042290870e+00
-1.172553666090033975e+00 2.700431177562402918e-01 -3.223353816521710713e-01 1.548820676633856586e+00 1.173123730032667122e+00 3.198302571740647693e+00
-3.696416816159238672e-01 5.289212980069580849e-01 -7.443124570443659938e-02 2.418393137600779230e+00 5.775540333489834754e-01 -2.504802949720561944e+00
-1.924003458753625218e+00 1.123414235569368147e+00 -1.310810824938869024e+00 1.639371166502301413e+00 1.917550736746398421e+00 3.341001725151700796e+00
3.209178427444103199e-01 5.148524983005181577e-01 -8.129446275012159884e-01 2.294522408563009819e+00 -4.344676208996371414e-01 3.940066176306038503e+00
-2.495215892583622919e-01 9.930000777086677166e-01 -6.971619257617559517e-01 -7.181978959336990931e-01 -3.846402245898352112e-01 6.808281061631372699e-01
-5.501189623092692660e-01 1.531166814456833003e-01 6.914382255536784261e-02 -1.225639423143188411e+00 -5.890071688295051011e-01 1.162676875816345046e+00
1.665764360739502070e+00 4.485200745350380602e-01 -5.727045097806281460e-01 -1.582595662688287330e+00 1.665025556909697446e+00 3.016858070790962909e+00
1.439590296549718706e-01 1.014654967248468820e+00 -7.610095161424386134e-01 5.236616857751807963e-01 -2.908857292869407307e-01 -5.052751570791895741e-01
1.596610442373240346e+00 1.736695246316467989e+00 -2.724816232521497739e+00 -1.592354781426794430e+00 1.585004946726010555e+00 2.153325292451904627e+00
-1.448755828300251514e+00 3.210172006368824382e-01 -2.365443760215371338e-01 1.581148883724136978e+00 1.449188446149426435e+00 3.056482183761645377e+00
2.791300952881652808e+00 1.721977626770729630e+00 -2.440823312275974377e+00 5.065526300282744421e-01 7.857378282512724743e-01 -3.737654538241204083e-01
-1.997219942302294271e+00 1.707442854469522153e+00 -2.598627855657150487e+00 -1.231128425683696070e+00 -1.833764183533708403e+00 -5.346643115801753332e+00
-2.374834299466343224e-01 7.120696640635928998e-02 -3.427418257531514301e-02 1.722445964778241745e+00 2.402847330750871591e-01 4.556333355831065468e+00
5.327448024753878020e-01 3.722961326126413284e-01 2.796472839337889038e-01 -2.370447522025705300e+00 8.165373675646271368e-01 2.554396098125947034e+00
-7.891799382265363150e-02 1.066743792652590450e+00 -2.335077432905993344e+00 -3.058939094870263720e+00 -1.269304967212046886e+00 -3.166186805534095594e+00
1.021685568879531908e-01 3.814498713423337267e-02 -3.070445477144376767e-01 -3.680502006243704938e-01 2.872163143259992002e-01 3.542194381181650864e-01
-3.015152718459003456e+00 -7.694187708989468355e-01 -2.834313065060138470e+00 -2.863987737026024050e+00 -4.779177678223640591e-01 -6.531006737174019250e+00
1.715043955018634048e+00 5.506119497719649258e-01 -7.033517550364537518e-01 -1.592893463258312492e+00 1.713347520019885550e+00 2.987280943071499273e+00
1.616644485256030439e+00 9.668724163184666542e-01 -1.076408216896437287e+00 -1.575812761035880749e+00 1.616363289466144604e+00 3.031946197943769850e+00
