-3.703601032779913482e-01 1.283179852795923059e+00 -1.303002491803758822e+00 -1.621767604016413955e+00 -3.708633852716205492e-01 1.625481204207609665e+00
-1.680538634863093517e+00 1.870338204097318213e+00 -2.272597455645610331e+00 -1.527686611740378231e+00 -1.671741521574573452e+00 -5.878742910873587135e+00
-4.202166586805055615e-01 1.561085959396968592e+00 -1.772673534537690054e+00 1.131416327255235332e+00 4.676268272756315403e-01 -1.086132825745324881e+00
3.966873645565701656e-01 1.579378792826216849e+00 -2.903849715852641733e+00 -4.077303804106873764e-01 1.343946535052227720e+00 9.684442157295951314e-02
6.562250413850482904e-03 4.868139889193828784e-01 -6.478809444673766516e-01 -4.027573543266453615e-02 1.611997139822456127e-01 3.974664633617873422e-02
-1.151205256984030756e+00 1.794907435033737952e+00 -2.396525925134217694e+00 -1.818107332750183325e+00 -1.228276112519297136e+00 -5.638574279375645482e+00
1.311986211022123927e-01 1.432789614490018737e-01 -3.108965306404095075e-01 2.472731484260608958e+00 -2.124799928415183337e-01 3.799417324486756620e+00
5.175144781710585562e-01 8.113334293704155264e-01 -1.152975287747773692e+00 -1.038827451771985322e+00 6.114396208725745296e-01 9.475713966623259266e-01
-3.041965385140544820e-01 6.871235381440216061e-01 -9.442035741471436205e-01 8.899768220968989896e-01 3.956881518049137347e-01 -8.503581678124680909e-01
-4.335753796889615930e-01 5.647781521518173697e-01 -4.032568740281671643e-02 2.395307725525776199e+00 6.672820974520230486e-01 -2.513403981887365468e+00
-1.554665242074786624e+00 1.580298082632701107e+00 -2.115478373248669275e+00 -1.579025200712744992e+00 -1.556914739880449261e+00 -5.747943891015421691e+00
2.317164606475310973e-01 5.531456703707470224e-01 -7.214368072931436338e-01 -9.533059546733497758e-01 2.854934671044925265e-01 9.336751482840577321e-01
-1.151879463391840996e+00 1.019126482271959233e+00 -7.276946100026153719e-01 -1.443541521532501815e+00 -1.170573884405792908e+00 -3.172832017101308577e-01
1.194033848084334437e+00 7.591946634074804301e-01 -2.743000851112882832e-01 1.388411789564392373e+00 -1.239251953724916921e+00 5.155002120680091116e-01
4.545366728767989417e-01 3.451678563756297446e-01 -5.418552023263129014e-01 -1.190284923345429346e+00 4.925290274678331692e-01 1.144659633302646862e+00
1.207373549482062547e+00 5.176449474112496674e-01 -7.387974736417135535e-01 -1.487557921887913137e+00 1.216625925006403319e+00 2.905527869784799044e+00
7.270498958442270787e-01 5.868323765657114111e-01 -1.781765633233201723e-02 -2.115331215850700719e+00 8.899965326721079872e-01 2.336928075547670236e+00
1.202360930969552211e+00 1.854830158295356801e+00 -2.545269847596126400e+00 -1.329709924406358157e+00 1.289433869506944941e+00 2.416854780626075616e+00
1.606472655696897567e+00 4.716676535540031967e-01 -7.888930644028100403e-01 -1.581930756464967391e+00 1.604686114845782274e+00 2.824183880257843615e+00
1.597981066424111640e+00 4.746239195152634482e-01 -7.347087925234446759e-01 -1.577790608182950693e+00 1.597060866703863935e+00 2.881421564921542000e+00
-4.259261545759274736e-01 7.811905526646970577e-01 -1.231431501815292373e+00 8.062118290422932709e-01 6.095611327449249606e-01 -7.072529409297183545e-01
-1.622094891909080794e-01 2.983989775927052279e-01 -2.878372340368454685e-01 1.635627944425159574e+00 1.625497771585187323e-01 4.646699340731971439e+00
-2.697761989904507107e+00 -1.050744741731455267e+00 -2.343480701572167035e+00 -2.054852065272908757e+00 -5.065018803468444020e-01 -1.029449749302391304e+00
-1.603650461975145936e+00 1.562900066634654639e+00 -2.029280555821202370e+00 -1.556020035241516331e+00 -1.600134337996202083e+00 -5.816584596157410303e+00
7.138561508937684152e-01 4.570398088128279079e-01 -7.428630897496447671e-01 1.885486020661738538e+00 -7.595088691924273272e-01 4.290487175782679685e+00
-1.889356293892557659e+00 7.106941430409466909e-01 -1.223121854133631281e+00 1.731103481440653624e+00 1.847270548952089531e+00 -2.606817609441600680e+00
-1.275442390797278946e+00 4.697131931055336107e-01 -7.482554982363842644e-01 1.487329258166459667e+00 1.287154497771106687e+00 -2.851119412409063969e+00
-3.058760451593955931e+00 -6.282234907261524670e-01 -2.400375938945286780e+00 -6.351203882513331012e-01 -1.399965971665216580e-01 -2.511160035234953458e+00
1.003857715120822641e-01 1.200331943492093101e-01 -3.430782140242842337e-01 -4.269899386998298185e-01 2.442527182544967645e-01 4.157394717404660489e-01
-1.232393761922580877e+00 7.526989508991830391e-01 -1.180586944720098730e+00 -1.715805889996425915e+00 -1.263946784561593484e+00 4.503467847591831608e-01
-2.882247834358264149e-01 5.759375486982651893e-01 -3.620410462536235996e-02 2.618410483570445813e+00 6.050795123249552709e-01 3.584535581784804581e+00
1.265506699136548674e+00 6.109711539387940871e-01 -8.791037858870417443e-01 -1.487493444132200304e+00 1.276754090832050048e+00 2.861110628231512187e+00
-3.854770667966692654e-01 1.854268871261731011e+00 -2.544641461810077665e+00 5.673354587249767045e-01 7.749824839536985088e-01 -4.272118613596360137e-01
1.435190929135901072e+00 5.135558988804008740e-01 -7.602344916561323274e-01 -1.537495104414088987e+00 1.439313999809373579e+00 2.892727507265049791e+00
7.708071165793621560e-02 7.799875982833229249e-02 -1.219762898126543621e-01 -1.052535847357372267e+00 8.872295531597544638e-02 1.050840106626162562e+00
2.548543133431015462e-01 1.689451313130432286e+00 -1.907253208228168351e+00 -8.784155920718578203e-01 3.336977051181820308e-01 8.504013115490582919e-01
-1.821735372109099194e+00 1.124014734228887313e+00 -8.940841759088373752e-01 -1.629153670333870263e+00 -1.814988822873630170e+00 -2.370984746017461009e-01
5.528941539854004272e-01 5.533188495877974233e-01 -6.501944441120069973e-01 -1.415261665610265451e+00 5.604496239794409806e-01 1.387757665026452703e+00
-1.680747779145663534e+00 5.152918812557886197e-01 -7.513719050922116338e-01 -1.544980192124618457e+00 -1.677680500076766279e+00 2.374555495166796037e-01
-2.761646441308212574e-01 5.416836390657859103e-04 3.670721753013161254e-02 1.701680902109797389e+00 2.786019631367753768e-01 4.576328242866389395e+00
7.013710525085353753e-01 6.026970885789910692e-01 -1.033323719295808907e+00 -1.111764625920701022e+00 8.034778810786629144e-01 9.520987581836234392e-01
2.255516303311126125e-01 4.211216687717766471e-01 -6.626170027076435654e-01 2.377043024463196375e+00 -3.289375343192281198e-01 3.878660061493041766e+00
-1.705662230991341843e+00 1.214491309196251034e+00 -1.125399022752048950e+00 -1.582868356678540644e+00 -1.705117796048850165e+00 -8.990767752507762556e-02
-3.222411251004169697e-01 5.783277400563845427e-01 -8.538546310129592198e-01 8.870019334877708994e-01 4.208315589637551812e-01 -8.419433252468045970e-01
1.700143797024388892e+00 4.654228197510512643e-01 -5.823028081708222503e-01 -1.585964308132151057e+00 1.699250822475108391e+00 3.023743661296476759e+00
-1.525133018917629979e+00 5.761322215174491390e-01 -9.734445978037240543e-01 1.553118787804424805e+00 1.528685998994403716e+00 3.539272846008047591e+00
-3.822738634840227578e-01 1.909942479579842811e-01 -4.009258409628294606e-01 1.092714934569778640e+00 4.336217285611479455e-01 5.231236986678057477e+00
-4.209341836369418638e-02 6.893965401033160800e-01 -9.609165942632790225e-01 1.555490116945332513e-01 2.746889290975391695e-01 -1.497987631189410529e-01
2.850559444222235506e+00 1.919713686437800604e+00 -2.538689715326027052e+00 4.766029335158469826e-01 6.757710476441717296e-01 -3.829470844460521328e-01
-1.567773723036929967e+00 4.044114392314248629e-01 -6.500045363264194132e-01 1.570063655552105475e+00 1.567858937543638476e+00 -2.896004417119106833e+00
-4.586218404089287826e-01 4.733546186669350675e-01 6.024486279363588243e-02 -7.704556542684510845e-01 -6.888016382528372450e-01 6.430367459037384936e-01
-4.804581966862944142e-01 5.915220619289914827e-01 -8.111780702474095106e-01 1.174759030595682541e+00 5.247009216366844697e-01 -1.120748370192264254e+00
-4.786784982898896201e-01 2.063150757532774549e-01 -2.057085715760417488e-01 1.571855168594710417e+00 4.786799101554348179e-01 -1.572004009603290342e+00
-1.507146935024139989e+00 3.739825335215306579e-01 -5.742175025716129699e-01 -1.583469313810878187e+00 -1.508414612103155417e+00 2.006236541379674831e-01
-6.029988240770902674e-01 4.179197045921222986e-01 6.420319513385584764e-02 2.163376683605490403e+00 7.528311348891200128e-01 -2.315984499750094017e+00
1.210143305142681869e-01 3.406714113002843880e-01 -4.753719964159863753e-01 2.406105151280433230e+00 -1.808333427396602577e-01 3.868908031773604428e+00
-3.110128580225149930e-01 2.566078622921719732e-01 2.837227192669876663e-01 -5.584090486890962435e-01 -6.156552698093944453e-01 4.716337124017812021e-01
-1.250326044562132810e-01 6.232202223092349336e-02 -2.506950466591283122e-02 1.859385699741600728e+00 1.304368321177561962e-01 4.421467820937600379e+00
-1.785966828966640829e+00 1.854764808260795039e+00 -2.663067624894046137e+00 -1.414053408804998302e+00 -1.718809932460978240e+00 -5.463230446680287677e+00
-1.706793705570367026e+00 1.746518031670343474e+00 -2.407246199663564123e+00 -1.487014866617994091e+00 -1.678041226562719368e+00 -5.617951859840622397e+00
4.246472893303779861e-01 2.280748846460907142e-01 -4.621984457510708855e-01 2.044941962868428664e+00 -4.814519434758789962e-01 4.187552476362497167e+00
4.225473345719862883e-01 1.901661744621516159e-01 -2.223898369249367457e-01 1.642458788633702982e+00 -4.237015823505536627e-01 4.633815665814362994e+00
2.518855503732050582e+00 1.677607689032733607e+00 -2.092406712341829067e+00 1.059372856367745808e+00 7.326573316024700411e-01 -9.241339292706092223e-01
1.713930538442239582e-01 8.023893748390734659e-01 -1.327460355883745891e+00 -3.324916133075077607e-01 5.498303718466913681e-01 2.863268163779525421e-01
-1.651300469013909034e+00 3.805682512952458518e-01 -4.568182392000602610e-01 1.576940624324199014e+00 1.651071092968575904e+00 -3.065089438510532283e+00
6.654560442346290072e-01 6.891211695168268925e-01 -1.018791952393323097e+00 -1.179578671175572913e+00 7.313545124620763893e-01 1.064735724939118500e+00
-2.704359051300770478e+00 1.575601527097394206e+00 -2.032129411921896445e+00 -8.146256966650461395e-01 6.212528391844052145e-01 7.114925788958710307e-01
-1.689672766296615114e+00 1.755013882505128020e+00 -2.254501790802524663e+00 -1.513650655623599794e+00 -1.675086447761758635e+00 -5.780708927135410846e+00
4.263081805711935734e-01 1.360332265447376787e-01 3.166473548284038930e-01 -2.337279048868022624e+00 6.114907316004785098e-01 2.436885362814573242e+00
-2.918026980096231071e+00 -9.909120575729434277e-01 -2.369841198382913294e+00 -2.333664419256296085e+00 -3.117807117573196951e-01 -7.832290146781670792e-01
-1.247404970735652707e+00 1.913926187052526595e+00 -2.496063440116158549e+00 -1.753031259646651296e+00 -1.302130115832996315e+00 -5.676345682491659161e+00
-1.412190355168839062e+00 1.861873864915536414e+00 -2.382446326501664657e+00 -1.650187914856694027e+00 -1.433338661683852155e+00 -5.757139283976023592e+00
2.670071967399927804e+00 6.575582013844628593e-01 -8.165008218155173081e-01 1.269753157951843958e+00 4.956760144144137237e-01 5.051690039302735968e+00
-1.797747339523815047e+00 1.625719466841538452e+00 -1.913292523769657860e+00 -1.505391955248709168e+00 -1.788268110319801263e+00 -5.988466917189519734e+00
1.811262218477181829e+00 4.848838735836435987e-01 -7.173004715936069919e-01 -1.627214970544682560e+00 1.804669077707154345e+00 2.902552582706640294e+00
-1.775815981879164118e+00 1.906335317253831763e+00 -2.549900110456779778e+00 -1.446662713264188271e+00 -1.734380183939239206e+00 -5.629424964887845384e+00
1.139977237876439675e+00 6.294791836505683191e-01 -7.792115566557146211e-01 1.639242987742375979e+00 -1.145108138089941496e+00 -1.645227354955455801e-01
-1.835901132615820996e+00 5.374554951840705419e-01 -6.929724809534842933e-01 1.612822535602687513e+00 1.832620643982920683e+00 3.302637578980148536e+00
-1.325353538558845967e+00 5.745999285488699870e-01 -7.905617997305081079e-01 1.517175135065335523e+00 1.331162267118483511e+00 3.364005571366963210e+00
2.945606153590111909e+00 1.799373591860999877e+00 -2.544014600586999020e+00 2.849889591180281845e-01 7.651812456107913718e-01 -2.082410305669971096e-01
1.386611882481340874e-01 3.360114529127608551e-01 -6.381646764917381365e-01 2.703255078040386561e+00 -3.315674303529491662e-01 3.558788630088364879e+00
1.901687522965466837e+00 7.051750142060578819e-01 -1.028737187326740354e+00 -1.679584916960190411e+00 1.883909615045513020e+00 2.800845838318192449e+00
-5.050072303873911483e-01 6.911088839538838124e-01 -2.227854724264061170e-01 2.255588971452612501e+00 6.746325611680730194e-01 3.904661706783220332e+00
-2.606572895165804926e+00 -9.752263331253065992e-01 -2.387966787575561245e+00 -1.925965739453596282e+00 -5.749429064573926551e-01 -1.154660401293901906e+00
-3.357067919484762464e-01 1.139147526777396502e+00 -9.869238803590841824e-01 1.980842761923434781e+00 3.674126658690247127e-01 4.276500484508494182e+00
-1.396845197345948142e+00 3.636227702997630318e-01 -4.783062624192614409e-01 1.550685035800679179e+00 1.398004833716572026e+00 -3.025159833395123066e+00
-1.129651362423944816e+00 7.606458973870495743e-01 -1.240350298889989933e+00 1.356235011249231626e+00 1.182308901457822081e+00 3.663658915884930867e+00
1.921483776930571485e+00 6.345637721316088609e-01 -1.073363341013686245e+00 -1.724976247433744225e+00 1.887032787642370923e+00 2.678165133481340110e+00
-1.202907945877940143e-01 2.855625382296444470e-01 -2.725132152342980008e-01 1.678859694099995137e+00 1.209931285568209836e-01 4.603540164982853788e+00
2.905192006334272325e-01 3.581598260596918770e-01 -4.323474610890887804e-01 -1.327601407745352624e+00 2.995837490143882231e-01 1.316744335411154987e+00
2.949141028621102834e-01 3.530069550066180367e-02 -2.669443666637138501e-01 2.218130946696851513e+00 -3.729134831057260291e-01 4.030496843889921799e+00
-1.750077796767626648e+00 1.717763054400943679e+00 -2.282429892904076052e+00 -1.474117975190525565e+00 -1.722006800058049958e+00 -5.711184219438628418e+00
-1.690331956161643780e-03 5.943437373061658535e-01 -7.308040120457701683e-01 1.165092348358412987e-02 1.364707285477128051e-01 -1.153586617204157422e-02
-5.704203971159681474e-01 4.223454481949833750e-01 3.399833872958592240e-02 2.172586735848306194e+00 7.143075021025122595e-01 -2.308550973093039804e+00
6.234708751344354427e-01 4.656092065292882776e-01 -6.369935352286879571e-01 -1.337907939794464651e+00 6.435673342828817090e-01 1.282559613728538661e+00
-1.704427702564219604e+00 5.962840400504333394e-01 -9.559317380699885458e-01 1.618074342941673516e+00 1.695825820284303065e+00 3.504196005305258321e+00
-1.604927860446968335e+00 5.909450044241995048e-01 -7.432749154275657411e-01 -1.565613533103147326e+00 -1.604526799358179101e+00 1.524117882825654635e-01
-9.233482094713024724e-02 2.684768618017814856e-01 -5.075820836011976089e-01 3.724071293545174188e-01 2.559981866595410493e-01 -3.613083866898685881e-01
1.952118321082374486e-01 1.064053100842311667e-01 -1.221675759502025144e-01 -1.490923519373243300e+00 1.958393979428856846e-01 1.489380676062937114e+00
1.113462179172660382e-01 3.372143989317481494e-01 3.068979694009377757e-01 1.840141146365859570e-01 -6.523141585006489995e-01 -1.468291680959693257e-01
1.551169911646637534e+00 6.706945674876569896e-01 -9.176855986731566883e-01 1.575593360448151570e+00 -1.551759266020763084e+00 -2.470317545903884526e-01
-1.690927604372718829e+00 1.207452910437764926e+00 -1.209279561142687642e+00 1.571017142804270295e+00 1.690921092419547689e+00 3.143429846163608765e+00
-1.363237609533229699e+00 1.746372762542490742e+00 -2.141980605634812296e+00 -1.651777548775311466e+00 -1.379470513895063588e+00 -5.879798390545252218e+00
-1.158410181177859544e+00 1.630966113677123408e+00 -1.962981706332732390e+00 -1.712438749148492256e+00 -1.182174939579348605e+00 -5.923247135860131962e+00
5.807537612185031950e-01 2.622404787421681038e-01 -5.576524161407132585e-01 1.988392041617220274e+00 -6.437835206069606464e-01 4.205928653112755100e+00
1.435106173442725508e+00 5.302126447674756493e-01 -6.244844253764881836e-01 -1.557941137018147959e+00 1.435718020283702101e+00 3.046444695624386689e+00
1.605657521707227475e-01 2.354114175729107306e-01 -5.543197240025574679e-01 -4.769880485483300459e-01 3.558082064127564004e-01 4.511108486586994371e-01
-2.683936020045766924e+00 -1.037357591739637597e+00 -2.241753704458727015e+00 -1.842309350310360028e+00 -4.764647367616848816e-01 -1.267206743456492202e+00
5.448492251748259241e-01 7.453505710690201402e-01 -9.792358571719690374e-01 -1.205508816331005484e+00 5.882402955984248338e-01 1.139892548354307866e+00
-5.128237282082134252e-01 5.717923664259042527e-01 -9.848873174260337482e-01 9.514026454091022433e-01 6.467237943712059733e-01 -8.416396989077477020e-01
2.980501565816589871e+00 5.808680792212091992e-01 -8.774185367671772928e-01 5.076195093796741498e-01 3.363368888586196759e-01 5.799679679579021752e+00
-5.970158081295308117e-01 3.127029437741370987e-01 -4.877120826417810640e-01 1.319989945028739120e+00 6.191328622453540209e-01 -1.266014988040954581e+00
-1.357308888990402806e+00 5.850730249007766171e-01 -1.016948765605458105e+00 1.480304048252661708e+00 1.377166199107685562e+00 3.582258077627716197e+00
1.563725715890180057e+00 5.308553502637948229e-01 -7.868065429228926488e-01 -1.569008367395406944e+00 1.563950052092628829e+00 2.885640924190331802e+00
1.274234775773800399e+00 7.016716270989596937e-01 -1.209782834299755860e+00 -1.423210213313366612e+00 1.312617022340533124e+00 2.614292385347934289e+00
-3.284002659262176826e-01 5.180820655768642036e-01 -5.959280498064438714e-01 1.346547290367237082e+00 3.371732115072427205e-01 4.949543459359875719e+00
-2.387597578839966428e-01 1.798853849995807108e+00 -2.423431105436470112e+00 3.944542720411656767e-01 6.629178823119654673e-01 -3.170402725456059612e-01
4.544504227857758261e-03 6.272335762503287171e-01 -1.011103529870630569e+00 -1.213083660780027093e-02 3.839033440218252435e-01 1.124772837600925696e-02
-1.224824230372522305e+00 6.978211444721743595e-01 -9.110674876171434011e-01 1.494661655836309277e+00 1.232971266675390032e+00 3.367822832753058382e+00
1.584384787480432655e+00 1.253178186432055252e+00 -1.139703557181501736e+00 1.572333992610435383e+00 -1.584291099367990396e+00 1.134882388862180347e-01
-3.058123793590544981e+00 -9.422338381076407199e-01 -1.836186027207928451e+00 -3.372908746789039292e+00 3.722214782868669136e-01 -6.067203534857147140e+00
-1.196279254091343169e+00 7.364064078679430914e-01 -2.591330282925417006e-01 -1.392171174211915385e+00 -1.239848830337685781e+00 -5.071715688010495215e-01
-4.114435952471176550e-01 4.810618442000859640e-01 -7.631432980107992758e-01 1.003023758120647146e+00 4.942532282896677231e-01 5.339401198521546377e+00
-1.220534090981745701e+00 6.710800470656461680e-01 -8.591730768129131057e-01 1.502585336793593296e+00 1.226976036867666986e+00 -2.941645531126222846e+00
-4.529477820774338581e-01 1.986803485578248485e-01 -2.935631804449019278e-01 1.378653547977287896e+00 4.621016816152088147e-01 4.926411721792686826e+00
1.037494504151131869e-01 -3.291190254888737288e-02 -1.510915997494439444e-01 -5.170315078799730957e-01 2.109496923490904730e-01 5.074515230842702174e-01
1.204095125610702977e-01 2.909192557354327024e-01 3.334908390907420639e-01 3.345771836388406140e+00 6.343867299716052788e-01 2.976321881337728126e+00
-3.333479796737487399e-01 5.664736515986134452e-02 -1.458164289753992315e-02 1.691836186918840301e+00 3.358934707090965865e-01 4.584272051199931752e+00
-3.833870873234439536e-01 4.313560868468883647e-01 -7.972600835978747025e-01 8.452270294525490169e-01 5.236246269042434953e-01 5.509744333233414615e+00
-1.238303191657951885e+00 1.587389095630562963e+00 -2.126695564002709204e+00 -1.746308227730842155e+00 -1.286921035100822230e+00 -5.718730944299672103e+00
-2.075700143840817913e-01 1.620142351256616264e-02 -2.888915752742484133e-01 6.634595490210554170e-01 3.411309694588391395e-01 -6.348819995023839979e-01
-1.692071745716224873e+00 1.848346104002751344e+00 -2.328771767973991214e+00 -1.514531909713557667e+00 -1.678280359474797923e+00 -5.799726641771258073e+00
-2.657259203129718750e-01 1.689435310734853868e+00 -2.266447944701726946e+00 -2.678845279998562035e+00 -6.288922997738025655e-01 -3.525050408080804498e+00
2.410019741338430832e-01 1.563541856612464365e+00 -2.001764190004761357e+00 2.616569661239121825e+00 -4.963266840787715073e-01 3.612699461627486563e+00
-1.352612180015944077e+00 5.310703763681470235e-01 -8.995807892400674577e-01 1.491102312447601941e+00 1.367466736024241847e+00 3.518231954663290750e+00
-1.947614604745988798e+00 1.721353853453762683e+00 -2.266633405949236568e+00 -1.368358938867069385e+00 -1.890827884531252723e+00 -5.705118320711292768e+00
-5.612698259861225170e-01 1.553682217353238304e+00 -2.733671522988597058e+00 -2.544428071685164383e+00 -1.242437174354935614e+00 -3.357460722448782242e+00
-1.563459835758424843e+00 1.684092852828619868e+00 -2.274567549803431898e+00 -1.574882858719572454e+00 -1.564696206229599484e+00 -5.692693211786898466e+00
-1.491547650400256497e+00 3.923800243634261720e-01 -5.058962929210520931e-01 1.561804685615223232e+00 1.492053233597094852e+00 -3.027729157657214287e+00
-1.847880509214739009e+00 1.210988735750437861e+00 -1.242848854835250982e+00 1.579855004112286299e+00 1.847730061241473543e+00 -3.108472720237279052e+00
-3.089649504085029363e+00 -7.303216648042196724e-01 -2.110370386046336755e+00 -3.315073566714468623e+00 3.052209100613971215e-01 -6.117579761237434077e+00
-1.888182094990440651e+00 7.764646688302675459e-01 -1.161464726950746540e+00 1.693542969931702613e+00 1.864222352497332702e+00 -2.738434292072908782e+00
1.744860806386140162e+00 1.303486674749351426e+00 -1.252244053853752703e+00 1.579802837715799990e+00 -1.744623698700362935e+00 5.202986495054364585e-02
-1.725732277368004774e-01 1.837669542009374712e-01 4.887450517397177174e-01 -2.727385157243494285e-01 -6.909570041108353822e-01 2.122907886982851600e-01
6.961841874661672813e-01 7.116573894301126968e-01 -3.107110957708208998e-01 -2.007638777097827898e+00 7.863373909011117657e-01 2.154844007817983353e+00
2.886206639980890554e-01 3.943012556966578597e-01 2.331817996708166474e-01 4.681243890516489925e-01 -6.824634080424100135e-01 -3.738957825426266202e-01
1.656228623475515249e+00 4.843138642230472857e-01 -5.621611535979292862e-01 1.564134932524841037e+00 -1.655963679328683824e+00 -7.812455123543064761e-02
1.403995841126764788e+00 1.811508780565751708e+00 -2.152789647764552505e+00 -1.514502185317275318e+00 1.413692470634588361e+00 2.795875189507335712e+00
2.544534422175023791e-01 4.412785938477041536e-02 -2.969831788996766808e-01 -8.046673272036537483e-01 3.567804233674695125e-01 7.721530651999185535e-01
-1.967706766365318494e+00 1.572437449450523772e+00 -2.072884896956781020e+00 -1.372323857976130324e+00 -1.916818878226673739e+00 -5.747937675879921215e+00
7.260715994810087448e-01 4.255739738997762478e-01 -6.142119240272542191e-01 1.778972128045534173e+00 -7.458374273038277380e-01 4.432372569381353600e+00
2.967760484819705447e+00 7.455948261889503437e-01 -1.251342158267575222e+00 3.477556313832655954e-01 5.323206288729469549e-01 5.980454717729967840e+00
-3.466023178616641776e-01 6.275489794797945997e-01 -9.292488626242387806e-01 8.823097192961837365e-01 4.554825408570983281e-01 -8.291036284346796625e-01
1.453486703396952018e-01 2.145814942303401196e-01 3.759725128312603748e-01 2.569688985615759536e-01 -6.061066595658114453e-01 -2.126901913131025723e-01
-5.272904008788550367e-01 2.895632550830467555e-01 -3.412374468326826449e-01 1.482407292062703164e+00 5.295761992967900067e-01 4.814729942849784727e+00
5.861100397518498317e-01 1.870856357961979022e+00 -2.456483894283628011e+00 -8.765743586388105024e-01 8.033832201499393477e-01 6.951350252532304541e-01
-1.743113679401079752e+00 6.118340945091808036e-01 -8.656471631032939262e-01 1.614470379278824419e+00 1.737534396918757107e+00 3.399050677670941933e+00
1.139517586266683563e-01 1.387396948040331979e-01 5.147067903360418306e-01 1.859929489667392077e-01 -6.618733613500016322e-01 -1.473445811430113828e-01
1.219226040129588601e-01 5.298897981706551796e-01 -6.740158356435923537e-01 -7.066302678430551598e-01 1.885027511977953874e-01 6.978176031858881467e-01
-1.755700331349595578e-01 4.888871551847210339e-01 -8.272893404498261605e-01 4.906532571364315976e-01 3.796804553633487123e-01 -4.605853312725947113e-01
-1.826105203636923857e+00 1.698348682880832516e+00 -2.110768785972074735e+00 -1.466557122607219155e+00 -1.804274771104400932e+00 -5.858525385316759149e+00
1.621739973259431977e+00 4.989134534034530555e-01 -8.796038167134204722e-01 -1.589740474149319516e+00 1.618084047469418474e+00 2.760459170894663306e+00
-1.780021757084339962e+00 1.874780938801623442e+00 -2.611062531014504362e+00 -1.429162008043896703e+00 -1.725305677713842023e+00 -5.535914900558911889e+00
-1.655302829946786236e+00 1.646461914252135950e+00 -2.062818401158856840e+00 -1.536551826328212744e+00 -1.648061940121744673e+00 -5.865501351304747146e+00
-1.125375643811034276e+00 7.777406133095704499e-01 -3.503443148711594124e-01 1.766174790878889844e+00 1.167898422900392807e+00 2.674164663359324567e+00
1.590311580477423492e+00 4.397706301905895399e-01 -7.304470370553278746e-01 -1.576391916145380545e+00 1.589487138801162880e+00 2.850869592843125577e+00
1.717020717143855901e-01 3.596316138078000657e-01 3.212183056970581152e-01 2.687413270494283246e-01 -6.988078328872269207e-01 -2.077939795637976095e-01
-1.229630693123615393e+00 1.822539148144072252e+00 -2.475007917292148640e+00 -1.783121014068519417e+00 -1.301698898174191044e+00 -5.601862151846525251e+00
-4.114126004472315468e-01 2.865907311976433891e-01 -5.402195659711023223e-01 1.048804841741984628e+00 4.794849660663126345e-01 -9.956109591140699377e-01
4.803409216520519442e-01 5.504799664132074000e-01 -6.416525341828025475e-01 1.743863769766824445e+00 -4.882551641853333235e-01 4.516979660274242470e+00
-1.516648610520383800e+00 1.908447567510743292e+00 -2.704046902898046945e+00 -1.609494857427389292e+00 -1.532905059496575628e+00 -5.486845697568695002e+00
-1.473052163614578358e+00 4.697590884158875379e-01 -7.813603121730254841e-01 1.540745851068300531e+00 1.477767260030873997e+00 3.454587178898869126e+00
-5.345505793653267945e-01 4.567110043602328751e-01 -7.305834002885470690e-01 1.142235829774694622e+00 5.945068949016435456e-01 -1.066806084033480317e+00
4.922115033232483949e-03 2.807309483364438529e-01 -3.666620010063432744e-01 3.085393002914089244e+00 -8.607171147614610385e-02 3.197580974665472198e+00
-1.716572924704127479e+00 3.516536080554191757e-01 -3.499870534142031642e-01 1.570552262043447334e+00 1.716567496649054947e+00 -3.143284342958478916e+00
-1.471008215560316357e+00 6.795092216540904451e-01 -1.004919462007430431e+00 1.538796623040238565e+00 1.476267494212372355e+00 -2.814664332782472300e+00
2.943510853336249178e-01 3.061581387881023297e-01 -4.342600290638566896e-01 1.969788748091448216e+00 -3.202761794459758615e-01 4.294381070085496077e+00
-1.273241496638127357e+00 1.193621800085816753e+00 -1.196447699102029194e+00 -1.571659935324689394e+00 -1.273236624354149304e+00 2.951991623741071977e-03
1.207543322601842384e+00 7.390688364814915756e-01 -1.025730141755182068e+00 1.677860334410678389e+00 -1.223003785722658110e+00 -3.054814875131612872e-01
-4.573343827691762203e-02 5.961727009104043212e-02 -3.054959606559009555e-01 1.855375446733394662e-01 2.500118249813613192e-01 -1.798865055151765147e-01
-1.615404249132063708e+00 1.586174530406216032e+00 -1.805644336957308305e+00 -1.561078980807275141e+00 -1.614327117785580468e+00 -6.063502137766477063e+00
3.464788520509730074e-01 3.729058987682390969e-01 -5.289809061824731762e-01 -1.164118767690669465e+00 3.787148650530066663e-01 1.136753488847823679e+00
6.149566585979152622e-01 4.398328572224485811e-01 -8.016151040940395767e-01 -1.106237266391496110e+00 7.014283619189883856e-01 9.902143960603140282e-01
-3.368568924566227030e-01 3.851596718526985597e-01 -3.975249693676884410e-01 1.535664268842435565e+00 3.370739886635626403e-01 4.749624414295763764e+00
-4.501858451420746587e-01 2.857704159260188725e-01 -4.310871305812429277e-01 1.279776735069372728e+00 4.715224553749996494e-01 5.036738537380932357e+00
-1.948371168742085269e+00 8.224062579133916140e-01 -3.949305039813810758e-01 1.407829912053340626e+00 1.912919009848357277e+00 2.685895939125777065e+00
1.804642867647392679e+00 5.687375515370500789e-01 -9.317284908726869430e-01 -1.655174797630423633e+00 1.789143733951392257e+00 2.769351998747351384e+00
6.109543113713916673e-02 1.118972041990837357e-01 4.137025420141461352e-01 3.262793398259091315e+00 5.288085602529454254e-01 3.036830375826137907e+00
-1.959383523791230042e+00 1.833721864349320718e+00 -2.448815801454028218e+00 -1.338807020358920186e+00 -1.885393420766083628e+00 -5.631127006274976310e+00
-1.824242982054368634e+00 5.372106034610998337e-01 -7.686191206991046521e-01 1.630130856339182976e+00 1.817339413885335597e+00 3.380349179698089124e+00
-4.857176058178572231e-01 3.260521118552864861e-01 -6.137640423300698700e-01 1.077645730905990806e+00 5.586098907578458395e-01 5.277285478077717862e+00
-1.894500202223815988e+00 7.567543978640641766e-01 -2.786419177762562982e-01 1.417636173255596432e+00 1.857098376553299790e+00 2.641353444874962264e+00
2.734154703957314414e+00 1.713984727365586824e+00 -2.049127600142691463e+00 9.196421535056675811e-01 5.215331021228369890e-01 -8.497795478208003406e-01
-1.591769989512182626e+00 1.855861060403631857e+00 -2.476838137199634637e+00 -1.558594040557082838e+00 -1.587848300890630338e+00 -5.662098169668162484e+00
-2.959526461531742370e-01 3.360084489613198722e-01 -5.752737520499676682e-01 9.099517168120579980e-01 3.783532151715012781e-01 -8.741188356406571769e-01
-1.775463161063363549e+00 1.893883078464766223e+00 -2.681675906416099320e+00 -1.424717385392380242e+00 -1.714654144037625727e+00 -5.484840841921464261e+00
2.734000628146409772e-03 1.381146243850530919e-01 -3.985774112107505207e-01 -1.092837371639396316e-02 2.604767225461937508e-01 1.056937363377109459e-02
2.241166187976871560e-01 3.676730916222010759e-01 -6.886659739488887322e-01 -6.255253988368220108e-01 3.892635066036100877e-01 5.890955103935755499e-01
-4.965343302333836972e-02 4.168654555488366942e-01 -7.283810011613458535e-01 1.605058524774393147e-01 3.153255548016345999e-01 -1.527081194209355952e-01
-2.462053846594255135e-01 1.599240635856287840e+00 -2.011046703981994366e+00 5.606720855937089576e-01 4.761530485591577433e-01 -5.089988813394029643e-01
3.008184328518261452e+00 1.889114030520441023e+00 -2.677140698227498117e+00 1.870920564668522579e-01 7.968228996793954577e-01 -1.315588011271737745e-01
1.280001093139799540e-01 1.188908777426378183e-01 -1.377662178457291497e-01 -1.424680728922234296e+00 1.293771703327934730e-01 1.423471420557556710e+00
-1.266171703306280039e+00 1.258200312752009831e+00 -1.335879395837115347e+00 1.546404492344862547e+00 1.267113495969738546e+00 3.223002136631139880e+00
-1.557532534064788976e+00 1.916182933026429280e+00 -2.427945711140425011e+00 -1.577294335031233841e+00 -1.559226305987180261e+00 -5.771379204596332357e+00
-1.127117064312135986e+00 7.146042594398458458e-01 -1.107352522842368403e+00 1.390864044993799231e+00 1.163000006522352692e+00 3.571637084672282025e+00
2.834110876935791445e+00 1.662664294545102228e+00 -2.053398669554955536e+00 6.950254361992564966e-01 4.922677799453321068e-01 -6.337124984406475869e-01
-1.500829681528080162e+00 4.175710322792482443e-01 -4.994495978282980642e-01 1.565068242922001085e+00 1.501058912608186802e+00 3.223664004655010018e+00
2.521837694539783126e+00 1.171487722411842736e+00 -1.097947348409475499e+00 1.673429163872894865e+00 6.235297246635779223e-01 4.586199723960772801e+00
-5.349664647143627105e-01 2.615174480132395618e-01 -5.158679426220091901e-01 1.169330932951232027e+00 5.869925496491067429e-01 5.183909395554884725e+00
5.634236393129384846e-01 6.176965583121721837e-01 -8.372294939191227137e-01 1.902804083032499260e+00 -6.003499573529093025e-01 4.316612038114120864e+00
4.559030013946923088e-01 4.223101734105976224e-01 -4.699535787732536107e-01 -1.473876538122732782e+00 4.582138046563197786e-01 1.462822805326653652e+00
-2.704778294626360435e-01 1.685395463040430419e+00 -2.393106052935133565e+00 -2.738457347874464265e+00 -7.492134169088416895e-01 -3.444283404699256756e+00
-5.101679518747591624e-01 1.127524708313067503e+00 -1.928304126705137289e+00 -2.479502019731523177e+00 -9.178821702967798757e-01 -3.583834473607990567e+00
-1.741013402055974213e-01 2.815425919506556740e-01 -5.099303457603497902e-01 6.602335072995965115e-01 2.862587174100384435e-01 -6.402161473911059941e-01
1.384179813722837160e+00 4.791031854300593085e-01 -7.144746372901529252e-01 -1.526796952022305476e+00 1.389377559382647176e+00 2.902224653154770628e+00
-1.466577886442698597e+00 3.558703146720047505e-01 -4.888950176103087353e-01 1.556928155995855434e+00 1.467496539707804581e+00 3.275327323397664969e+00
3.205310656364222521e-01 2.021333761218474800e-01 -2.798339802547080701e-01 -1.340928584661724710e+00 3.294998822322109944e-01 1.328362777469853873e+00
5.548317584762660903e-01 1.555398523414175171e+00 -2.805711777005698515e+00 -5.785018206287771969e-01 1.299719068578682135e+00 1.731139454627434182e-01
2.314062737194771679e-01 4.583145570753449083e-01 -5.014194675012738633e-01 1.751910503919508866e+00 -2.353172556472617194e-01 4.526264869318731954e+00
5.702888222576666388e-01 3.229960400961236489e-01 -4.603363680752780573e-01 1.781165495965459034e+00 -5.848099424322303896e-01 4.461703545498734158e+00
1.707283311452707508e+00 1.697057872273006085e+00 -1.987880194383547128e+00 -1.610157418833608967e+00 1.701524731792378953e+00 2.848196763832206102e+00
-3.107135597670006355e+00 -7.152763240770607656e-01 -2.881803721170201449e+00 -3.063245811705140209e+00 -4.566973368602496031e-01 -7.035827245229846205e-02
-1.437715037576832833e+00 1.188432553426502114e+00 -1.033608481968229187e+00 1.591439869031631371e+00 1.439310172890622574e+00 2.985405359382957702e+00
3.445423155534762388e-02 1.448948350176896827e-01 4.920960927323165257e-01 5.798352914975851008e-02 -6.377944498863482581e-01 -4.661889374662060714e-02
2.625661531654961411e+00 1.111121810556366496e+00 -8.948318158627880381e-01 1.932570654446642777e+00 5.556311419656452255e-01 4.293340249859289415e+00
1.459263403232664791e+00 1.340432324962788524e+00 -1.290571235230339786e+00 1.565213119224373006e+00 -1.459396259479014635e+00 5.017459550044795630e-02
-1.408736671995497014e+00 5.494757277889420477e-01 -6.681690389145626963e-01 1.551443073733052458e+00 1.409881082766602844e+00 3.261839906049758930e+00
-4.203811789650531705e-01 4.474722449718385175e-01 5.911135615305802837e-02 -7.443876740176044171e-01 -6.463736965569339965e-01 6.340537776802486203e-01
-1.241703540192145461e+00 5.699936347702145856e-01 -7.034695537300063028e-01 1.525386217546797152e+00 1.244733822388746747e+00 3.282531900192026342e+00
-1.411194389763749335e+00 5.948150449998124145e-01 -7.859455075016753556e-01 1.540230144680511337e+00 1.414119061724155690e+00 3.335116878595330459e+00
-1.220690427959518098e+00 1.632148003510035750e+00 -2.126880571292603772e+00 -1.742465503422936379e+00 -1.264137160507099011e+00 -5.761854400318497049e+00
-4.078110492937774834e-01 8.334454287712163012e-01 -4.175688052239117654e-01 -8.188567067483549788e-01 -5.739872298598627243e-01 7.316567298413905185e-01
2.958007064775063810e+00 1.913468865655193696e+00 -2.430765069433965753e+00 3.592108917517716771e-01 5.461017543589815615e-01 -3.105113017983794910e-01
-3.339372489950525047e-01 4.646370694734376361e-01 -6.072210444753955993e-01 1.181913071011624572e+00 3.620552778582821762e-01 -1.157843336952648627e+00
4.611306034569965240e-01 1.443911913577218820e-01 -3.921299656273870560e-01 -1.112251897199161288e+00 5.192200323023069553e-01 1.053815954969342439e+00
5.475406396084893101e-01 2.790212923224599795e-01 2.133138240305896827e-01 -2.230186716406519665e+00 7.190919277381709884e-01 2.371074791336736709e+00
-1.775865998427481385e+00 1.781620670880219581e+00 -2.435820344936684645e+00 -1.444896860617285395e+00 -1.733093521858865671e+00 -5.618726932747522440e+00
2.563433427700164136e-01 9.266539927683807576e-02 -2.706655348085835744e-01 -9.764871980750566838e-01 3.109639526822566835e-01 9.534879446647185341e-01
-1.969456908656346927e+00 1.629066173788623173e+00 -2.157463142000364709e+00 -1.361547556871457232e+00 -1.912652190210255565e+00 -5.718535707776516652e+00
3.131188010994976345e+00 5.364206914324930464e-01 -7.582992359566776974e-01 3.188391544399695299e+00 -2.221190808783798654e-01 3.095952050924864363e+00
1.149417215604274789e+00 7.569436268101938925e-01 -2.765641647673331427e-01 1.366541799491457487e+00 -1.199601567791099388e+00 5.188680295456388203e-01
-1.571212509958524794e+00 1.786129729389601684e+00 -2.361732378254703502e+00 -1.570571815069181643e+00 -1.571139484364888261e+00 -5.707577033132704258e+00
5.074425318349451430e-01 1.750501358711231026e+00 -2.162724505445151379e+00 -9.464156651441911761e-01 6.422041299952504501e-01 8.380882924563728409e-01
-1.130105455678607207e-01 1.886636356400885617e-01 -2.757179608930925285e-01 9.166058526184694966e-01 1.425408857950007657e-01 -9.116789101803551842e-01
-1.485066506176581980e+00 7.893281351042888971e-01 -1.281905413644840452e+00 1.530178699026844225e+00 1.495272597422290684e+00 3.635702286634587388e+00
1.767890198617482200e+00 5.502106251843086326e-01 -9.526145114960308247e-01 -1.648840924494150872e+00 1.751970003938319698e+00 2.732091695939876885e+00
-1.439123484814292420e+00 1.676134993757816494e+00 -2.237197246661226657e+00 -1.641151827515930250e+00 -1.459396241242505887e+00 -5.718193871264714900e+00
-2.616240542380676271e+00 -1.081442635576288058e+00 -2.146817548192989200e+00 -1.719059968257487192e+00 -5.317885000178096400e-01 -1.399215518371337064e+00
2.857605863751652375e+00 6.278620230286472426e-01 -8.801054221430979485e-01 8.634512791887178906e-01 3.775513359468666841e-01 5.455982497708317780e+00
2.822001385843791788e+00 8.422588493238981622e-01 -1.365719780872306721e+00 5.847932645224583892e-01 6.054577974981826261e-01 5.784685302664901663e+00
2.518038483257786009e+00 1.061841575011852168e+00 -7.835876463215282195e-01 1.935547716788531991e+00 6.751994733182253849e-01 4.257437530604291531e+00
-1.540401665804710829e+00 3.526081441364615765e-01 -5.182924607170467102e-01 1.565784944961109648e+00 1.540812311459371253e+00 3.307345097490568708e+00
1.134499810838029754e+00 7.766458697580542747e-01 -1.165039815071219120e+00 -1.396026689588629521e+00 1.168951540175173998e+00 2.717520697237910010e+00
-4.017734920872569893e-01 3.323177336327978182e-01 -3.239382889529578979e-01 1.590380898716477587e+00 4.018571404216791376e-01 -1.592088075521122859e+00
-1.671978372923328626e+00 1.252659058013340321e+00 -1.263237143121129780e+00 1.571870645700774727e+00 1.671966340705541398e+00 -3.130962510290093093e+00
-5.488646644061663527e-02 6.714609911417107613e-01 -9.318586919554506798e-01 2.100315214748265658e-01 2.659959777131404857e-01 -2.028434203874607267e-01
5.932059738300854423e-01 3.259085434733764441e-01 1.416649924528430027e-01 -2.160007751242000396e+00 7.374919736896791145e-01 2.305313146009196235e+00
-1.360138167651326224e+00 7.507015151601037495e-01 -1.116160100354730567e+00 1.494528933843018548e+00 1.374232364205019374e+00 3.514570868016148264e+00
-1.632268653730641894e+00 4.095531346714519350e-01 -5.763796281922028975e-01 -1.560574455730611154e+00 -1.631408555655502690e+00 1.671298522234023476e-01
-1.706799155673683233e+00 1.353299381721309480e+00 -1.313096392148514591e+00 -1.576296309234280546e+00 -1.706682198404723794e+00 -4.057924834402685393e-02
1.632836919282157462e+00 4.816637529445314536e-01 -6.070709789335744233e-01 -1.578567644321081653e+00 1.632343582195806775e+00 3.015952412047421483e+00
-4.308190620765436352e-01 1.652907698313163198e+00 -2.194619862001389254e+00 7.280676924200966127e-01 6.784702218630510595e-01 -6.067016248618180008e-01
4.189951792746798298e-01 1.627519634553826311e+00 -1.912195469884496291e+00 -1.008209396635512567e+00 5.017721465842293060e-01 9.472889806279252145e-01
-1.716621106952445075e-01 2.849932069203012786e-01 3.074058099652819953e-01 2.840639327324944396e+00 6.138989201849328614e-01 3.390044390504968419e+00
2.781820891354189751e+00 7.450496336067736758e-01 -1.046460659759248069e+00 9.026938000470290380e-01 4.650834044794062705e-01 5.435708620403151947e+00
-3.565754457027721647e-01 2.577470680273550308e-01 -2.269912446762640257e-01 1.653331758295618403e+00 3.578424186758746295e-01 4.624311768866396832e+00
-5.440961298017981118e-01 4.285283762629239490e-01 6.071127419364393679e-02 2.231146000280774366e+00 7.147943922138366712e-01 -2.370191975055101707e+00
6.682629940029153337e-01 8.402715166228302834e-01 -1.346446381098229450e+00 -1.020025947202871652e+00 8.141689337830489981e-01 8.409382484688900927e-01
2.815031576722183182e+00 5.317831293585623120e-01 -9.125533053701243569e-01 7.390956629630082153e-01 4.963684556095678824e-01 5.607568582263688484e+00
-3.663009252617613898e-01 5.396838777306156576e-01 -8.909580251557204233e-01 8.396004864964964343e-01 5.019582610071203765e-01 -7.738819398510802250e-01
-1.148065489706404652e+00 1.821278216289524465e+00 -2.280816272632952391e+00 -1.767741455757267266e+00 -1.194266070997926699e+00 -5.786001713312807659e+00
-3.399017604491452738e-01 3.149531433495942889e-01 3.194508294934015336e-01 -5.378674688935037862e-01 -7.084959873614548043e-01 4.253164762472471105e-01
-6.789664512375365168e-02 5.794377163605560765e-01 -8.944649590324469379e-01 2.159105949910571642e-01 3.220291688443436273e-01 -2.051230507354090404e-01
1.932613105987552204e+00 1.214087205019956706e+00 -1.146953199384369793e+00 1.596181951226845808e+00 -1.931754761991061109e+00 7.176981051077938045e-02
-1.889881911257300207e+00 1.705492154499253399e+00 -2.361783813442060342e+00 -1.371872312965250584e+00 -1.821952906346676837e+00 -5.601692859656329126e+00
3.044106178735562551e+00 5.327232983444636361e-01 -9.444768086834077758e-01 3.381297433609661951e+00 -4.224860229417302659e-01 2.922262190420537475e+00
-1.141439164937179562e+00 1.035437260351682598e+00 -7.607576478704313194e-01 -1.447235817909958477e+00 -1.158531977022907000e+00 -3.005552185529137277e-01
-2.776918527952692006e-01 7.621107065412797976e-02 -3.580218951640549152e-01 7.976099212722694842e-01 3.930264017500543772e-01 -7.579717170287380013e-01
-4.875309081237064746e-01 3.522008990350795066e-01 1.635448480556742912e-01 2.320093253477756079e+00 6.941937933156617779e-01 3.832088175103020689e+00
-1.500498909967507233e+00 7.081133743994212359e-01 -1.060003892675395853e+00 1.546533328257743811e+00 1.504806741175754414e+00 -2.788905166276539394e+00
-1.868699064412047139e+00 7.517735790807786866e-01 -1.263163317441511557e+00 1.719942172436147221e+00 1.829636340434488861e+00 -2.610758493586923912e+00
-1.972888652042441293e-01 2.197768400018437762e-01 -3.174754606000351198e-01 1.116518885385944682e+00 2.198733958660671062e-01 -1.106843068498831295e+00
-1.465089206003747702e+00 1.581856930187736321e+00 -2.231188213275900001e+00 -1.634866432706946204e+00 -1.486653582303037124e+00 -5.631151299137514776e+00
-1.367769086871222006e+00 4.049699703490023395e-01 -5.719511586026978511e-01 1.536599158728601200e+00 1.370625946874985068e+00 3.312001025903996254e+00
-1.449386550722187028e+00 1.823955341290382837e+00 -2.197607174486783332e+00 -1.615305388713026646e+00 -1.457795086292180908e+00 -5.907010996943548697e+00
6.339650777312687280e-02 5.889849771671546996e-01 -7.220082742633622264e-01 -4.458848244078111867e-01 1.472794979738798471e-01 4.416609685341214009e-01
-1.238448226602092861e+00 1.220293713479319031e+00 -1.144595762015323759e+00 -1.544696289545928414e+00 -1.239430545640953785e+00 -8.006638102579202720e-02
-1.293160813029426093e+00 5.405007696409906970e-01 -8.932037764729970908e-01 1.472660051149811578e+00 1.310668120171964324e+00 -2.776037111442830607e+00
4.744881861510847343e-01 2.608403281271342578e-01 -3.463093797881877101e-01 -1.405997792693448156e+00 4.815488198835787825e-01 1.385320525204928321e+00
-1.582597945820984231e+00 1.543631624847297656e+00 -1.890152833836400648e+00 -1.566788815576497740e+00 -1.581890027440805202e+00 -5.936639421410093931e+00
-1.266355845049110584e+00 4.734536823482663470e-01 -7.500691503545173777e-01 1.485201333811601465e+00 1.278272216230809777e+00 3.430817972293328744e+00
-1.737688881631477278e+00 5.822553002983894554e-01 -7.887454886808850096e-01 1.605321343532065015e+00 1.734105483000124792e+00 3.350902972402120206e+00
5.472024474596840493e-01 5.889766816022473650e-01 -1.157023737088399701e-01 -2.213039038366060751e+00 7.073051827554771576e-01 2.348188885039121931e+00
-1.309679025256452967e+00 4.871142460554054310e-01 -7.885385870837002820e-01 1.491625029943151493e+00 1.321713880224047344e+00 -2.830245262307941267e+00
2.514517157404989156e+00 1.156143326279447159e+00 -9.884979492751443386e-01 1.797143625111604859e+00 6.461692446388550559e-01 4.431571567730729910e+00
2.410960461270760247e-01 7.124001219294605336e-02 -5.197726747795010371e-02 -1.648708865069554275e+00 2.418493835698250494e-01 1.651043033728670117e+00
-3.554771130865885254e-01 1.605693947164778645e+00 -2.000356088872113247e+00 7.678964219570596494e-01 5.248226948317868956e-01 -6.960975553979791286e-01
-1.797571226976182768e+00 6.288376388729361999e-01 -9.664349358330847073e-01 1.647074950057170195e+00 1.784560058006644301e+00 3.487373676103755926e+00
1.535033538342430948e+00 5.138170199867124754e-01 -7.972286812946804968e-01 -1.560794241792693882e+00 1.536454972899502280e+00 2.858014597506398413e+00
5.589187881550077286e-01 3.903565451614556259e-01 -4.624678869306807494e-01 -1.456033530608305204e+00 5.630633017916554239e-01 1.435332200894274823e+00
3.381041971685206926e-01 5.274608095975676925e-01 -6.160627884639744423e-01 -1.324122530523594410e+00 3.490913538305087660e-01 1.308990875289978595e+00
3.046674827541249186e+00 1.861450359733744175e+00 -2.415737166382299073e+00 1.789278461607432535e-01 5.615204755345880594e-01 -1.519086077075508245e-01
-3.536825115777053052e-01 3.399863423616302782e-01 -3.880433548637948760e-01 1.441259350861332278e+00 3.567979016651868229e-01 -1.432670358276108225e+00
1.518908477990984773e-01 1.501314546234785718e-01 -3.433442722022547744e-01 -6.727392718719513720e-01 2.451830620397928429e-01 6.579924468821094496e-01
2.498882050469979355e+00 1.886176353211674872e+00 -2.353302067137661879e+00 1.029355872790698623e+00 7.745788563356382772e-01 -8.712915563538392583e-01
-1.161095897563219514e+00 1.159426576962289346e+00 -1.089298244564514961e+00 -1.540370504284774400e+00 -1.162157360010163787e+00 -7.643810708670475962e-02
1.234914054907604170e-01 -3.534057457518519768e-02 3.120245584034029782e-02 -1.536936515267526726e+00 1.235603701962621620e-01 1.536681068182222276e+00
-1.119693172498048561e+00 8.637978796576032403e-01 -1.374396383375616093e+00 1.338343687002507165e+00 1.180611998392267381e+00 -2.584863097085742467e+00
-1.534324763875526187e+00 5.669266282577348770e-01 -8.655474796372469859e-01 1.560064102442048961e+00 1.535933590082629197e+00 -2.842789729501753904e+00
1.238448813838717966e+00 7.302890778705436459e-01 -1.259945732358998649e+00 -1.398152200034370241e+00 1.285371723476959271e+00 2.587071681676279766e+00
-2.553528626105269761e-01 5.694418977068720356e-01 -7.256424694083071225e-01 1.033538804751346740e+00 2.984433030851234014e-01 5.269739466642197279e+00
5.580537389019248895e-01 4.786845372708253277e-01 -6.830688176265464762e-01 -1.256390646855697124e+00 5.905604568231441753e-01 1.197646978605835466e+00
5.060627827687425029e-01 5.230259963719134930e-01 -6.225184365151162913e-01 -1.393381373454021244e+00 5.149186468786470794e-01 1.367636023586408900e+00
-1.644712386303630813e+00 5.647936968927290691e-01 -8.042505072759003060e-01 -1.553233900064295181e+00 -1.642593741270175434e+00 2.400821864812462958e-01
-2.041819193692220313e+00 1.918921616981264178e+00 -2.619831509992517127e+00 -1.253467565924596849e+00 -1.924965451887833190e+00 -5.525012308302670760e+00
-3.072520354240211748e+00 -6.135431517218442599e-01 -2.837412220479064384e+00 -2.917925730869625145e+00 -3.167377498862600782e-01 -2.128913508918945652e-01
1.896756618680667250e-01 3.159734080620462543e-03 -1.797266141990709054e-01 2.312055566519127581e+00 -2.584140791264735726e-01 3.954291535143972691e+00
-2.661242860525764309e-01 1.181458050629672574e+00 -1.073138937420661243e+00 1.948457335689653735e+00 2.868382609615222067e-01 4.320215507229762331e+00
2.965544860654640402e+00 1.803628811276148047e+00 -2.496037550608704247e+00 2.717709803187731699e-01 7.108370980188100097e-01 -2.081216074162930696e-01
4.722246954796109619e-02 3.541837402206395313e-01 -6.203316412688835157e-01 2.963504621739138756e+00 -2.702046170517126700e-01 3.313357207826686857e+00
1.211945139146003297e-01 4.748861955321111994e-01 -6.289923924601347194e-01 -6.703948842622834414e-01 1.957581944039484545e-01 6.610270371150377411e-01
-1.348520979811054232e+00 5.073423383636549433e-01 -8.445120309609377429e-01 1.496171389859912715e+00 1.361222463187449216e+00 3.486608598214338439e+00
-1.596510954639118074e+00 1.845749232386269201e+00 -2.423599342202156226e+00 -1.556750041502410475e+00 -1.592329447257624819e+00 -5.705178231574043579e+00
1.480056093255088134e+00 1.313036751789737666e+00 -1.292312756724208977e+00 -1.572683022894494798e+00 1.480069246922750992e+00 3.162404481511879695e+00
-3.679575150967182573e-01 6.788189562415029021e-01 -1.110398495700456456e+00 7.446026512760357541e-01 5.595300536673489811e-01 -6.630681740290005344e-01
1.897376748114460332e+00 5.535269178377478783e-01 -7.355008268225498025e-01 -1.632014289735896462e+00 1.891784133155900882e+00 2.949711526560914621e+00
4.250573234966955605e-01 1.499064555857515968e+00 -1.928353727960729680e+00 -8.273156597564562675e-01 5.946397484849288428e-01 7.333003164334338519e-01
-7.125995251637837202e-02 3.069170069901192566e-01 -5.574559713722778698e-01 2.800202263277944414e-01 2.602734164913713677e-01 -2.710436287015244305e-01
-6.659549363884761930e-02 4.983761958487916699e-01 -7.847063885790619420e-01 2.316673680356640674e-01 2.937699919380708513e-01 -2.220647734073855073e-01
-3.062095829762488286e+00 -6.371506043937489316e-01 -2.118644841557951075e+00 -2.086783269715013767e-01 -3.934934988124268451e-01 -2.948450467149309695e+00
-1.657724140732030671e+00 4.321515307283657070e-01 -6.521200336625869731e-01 1.589808285276634647e+00 1.655630083555783116e+00 -2.920811085806534368e+00
3.113970162856838364e-01 1.792226411188948820e-01 4.298462882631097770e-01 5.123877409573488473e-01 -6.749585955004268056e-01 -4.137956180804495676e-01
-1.190051753198125395e+00 6.784415016850935398e-01 -1.709139651834264140e-01 1.762947175467802996e+00 1.240025037340954039e+00 2.601887843560556579e+00
-3.246215799769537891e-01 2.550101439553901783e-01 4.072206658906178389e-01 -5.006950696266208034e-01 -7.266109076139427581e-01 3.882302842333950621e-01
-5.814123795504454878e-02 1.428993335984503066e-01 5.047572559463159303e-01 -9.609187651735535962e-02 -6.498883593692525995e-01 7.657543303042352312e-02
-1.863689443721149752e+00 1.765938400472424785e+00 -2.380339650267109253e+00 -1.398672085746658578e+00 -1.808956426131712147e+00 -5.648133664549034094e+00
-4.235861284143657007e-02 6.075638544545816089e-01 -8.669332748290371482e-01 1.635135131590497726e-01 2.627333233791279699e-01 -1.579890539711484299e-01
1.809850844406617698e+00 5.982604947145371277e-01 -4.197852759029160191e-02 1.698782314318056930e+00 -1.773254441956377159e+00 5.693071780739815679e-01
-3.157902540218465726e-01 1.911265613026975396e+00 -2.681580329422458941e+00 -2.702912755891233143e+00 -8.200291512321128407e-01 -3.451353834362445472e+00
1.426701138101602151e+00 1.259805122170255753e+00 -1.382312445165349901e+00 1.588525005169717508e+00 -1.427782119244029424e+00 -1.237756618602647851e-01
-1.779709544008774680e+00 1.880869598876609983e+00 -2.337618571555884817e+00 -1.477565467351013018e+00 -1.758018981280158544e+00 -5.817671395071153384e+00
1.434466362380796722e+00 1.519837749466399712e+00 -1.995136143392193029e+00 -1.508102139551429355e+00 1.449650681047392808e+00 2.662487654511932256e+00
2.554671382684824188e+00 1.203296386049684585e+00 -1.167908281122077563e+00 1.623964165028950690e+00 5.878586527555601515e-01 4.648526536553245769e+00
-1.242019508870471300e+00 4.595265365940768287e-01 -5.295644746206196185e-01 -1.594658223445975631e+00 -1.242850389341590756e+00 7.397776348091947285e-02
-1.255395653211214269e-01 3.880143754197133421e-01 -6.026409708682914923e-01 5.346502037508154004e-01 2.481597912551892215e-01 -5.211092463283600873e-01
-2.745964982070029592e+00 -8.101982876999626049e-01 -2.686911800764461677e+00 -2.265498776921400115e+00 -5.255420403718711331e-01 -8.041057583196363767e-01
1.847747382617673129e+00 1.229510675238091766e+00 -1.147415124333197145e+00 -1.547489881749652074e+00 1.846784053629860090e+00 3.226928468640675618e+00
3.400181294151894407e-01 6.516830371655868426e-01 -9.846619904083177000e-01 -8.248481793741095913e-01 4.713331851398621097e-01 7.671692071486198028e-01
-3.100402642627894667e-01 1.700617756862258023e+00 -2.213012911109341285e+00 5.788341774198008105e-01 5.916565521107602921e-01 -4.970064922360400428e-01
-2.253742696750491159e-01 4.177875623460624577e-01 -4.674546135896476828e-01 1.357300659748921889e+00 2.306925677047890755e-01 -1.351679457494699754e+00
3.670642604767469785e-02 2.807638769240787813e-01 -6.002238889606532624e-01 -1.166647985481377020e-01 3.214884421360706956e-01 1.107494820478508168e-01
1.635379855103998026e-02 1.234812525029258090e+00 -1.137624467729211997e+00 3.307670753799317520e+00 9.855111787462390860e-02 2.976309659971816846e+00
6.157811872546267162e-01 3.358124008273187244e-01 -3.760236400887250197e-01 1.627614726419370994e+00 -6.169253968019722256e-01 4.642782280899178993e+00
-4.787833619816936337e-01 3.241794701968031545e-01 2.375246413182144078e-01 2.369164052952439370e+00 7.209499119350658569e-01 3.773436408151904509e+00
-1.327277966950392019e+00 4.282668694682377764e-01 -4.577836857321564978e-01 -1.578121783925310329e+00 -1.327380754131407103e+00 3.040456605997944595e-02
1.993022876316035974e-01 6.896743288661357774e-01 -9.729771871488206436e-01 -6.256308485728815372e-01 3.448391366905783073e-01 5.971168850829724484e-01
1.714812804735661889e+00 5.665086493805023826e-01 -7.797788214032461696e-01 -1.601481736561924052e+00 1.711522386401153284e+00 2.926164997110812127e+00
-1.473367235754990512e+00 1.806707251754084753e+00 -2.261992617711782838e+00 -1.613749969621371516e+00 -1.483313010678545707e+00 -5.826014768165967084e+00
-1.373622169201383469e+00 1.901142558792477066e+00 -2.353075335039880311e+00 -1.657820570644402913e+00 -1.393634097862352705e+00 -5.823513096134807832e+00
6.474207722528204645e-01 5.103320566671661895e-01 -6.008383747433915234e-01 -1.451784810363878186e+00 6.528181676250621734e-01 1.421400773418894037e+00
4.331667524383365775e-01 1.565621822927492149e-02 7.399852150319891075e-02 -1.761899813250891622e+00 4.417710541055936413e-01 1.781640493360838073e+00
2.572637065872835027e+00 1.902041381020574073e+00 -2.348218946459751599e+00 9.772225257451054858e-01 7.074997802585596407e-01 -8.447419584399820103e-01
5.670088375638034917e-01 2.730278085612687922e-01 -3.229964526039182937e-01 -1.492440479939979081e+00 5.689682458810615406e-01 1.477879882338755335e+00
-1.427020403855719044e+00 7.056126087271118452e-01 -1.059474183189344609e+00 1.520672977729955022e+00 1.435978429316190574e+00 3.498834726044564469e+00
-3.400186732811817936e-01 6.023129408111617400e-02 -2.506688632251676818e-01 1.079330699852003361e+00 3.879031991609038776e-01 -1.046543665004168400e+00
-1.777565350916390008e+00 7.185302673960555220e-01 -1.207755534695567512e+00 1.669057182269219064e+00 1.753013840870044415e+00 -2.643385404736786626e+00
-1.782926167816696106e+00 1.241228983790357843e+00 -1.092195467806924558e+00 -1.602764356518117772e+00 -1.780533223836773704e+00 -1.524023025277919940e-01
-7.816587401908661747e-02 4.640912023608050885e-01 1.267498627070890727e-01 3.001805173245774672e+00 5.953723922720760564e-01 3.257579111916188985e+00
7.125127209669506190e-01 4.955134264877681938e-01 -6.966976961949229441e-01 -1.343454499164083327e+00 7.355591788174105083e-01 1.268368725229465532e+00
-1.229375627367887747e+00 4.853773451199881461e-01 -6.396928548229542377e-01 -1.625351011670744583e+00 -1.233589204353912727e+00 1.635960040936931814e-01
-4.112023094436597637e-01 1.616632428069375571e+00 -2.013886586177711990e+00 -2.296536699061931586e+00 -5.637453345906718871e-01 -3.902744462141118031e+00
-1.971225943536136338e+00 1.900282399823640223e+00 -2.608754906031446552e+00 -1.302028209635444966e+00 -1.871300143083676870e+00 -5.533774412519009367e+00
2.643371249763013964e+00 1.909728066039513728e+00 -2.335017413057965285e+00 9.219525155184083998e-01 6.431969765136552608e-01 -8.122103614631296375e-01
-1.309617719614710296e+00 7.212757752174375758e-01 -1.197817828673459983e+00 -1.692790655545822753e+00 -1.339277001828960145e+00 4.907413536870030568e-01
-1.292262477708608914e+00 6.244512310171086433e-01 -9.080635771670416689e-01 -1.650642604644154687e+00 -1.303662091441319504e+00 2.943409627660056316e-01
5.611866225451078716e-01 5.290698785935370463e-01 -6.572914828916776031e-01 -1.370061203656097515e+00 5.741170457693249851e-01 1.333062119579419003e+00
-1.465967109658401046e+00 1.244585686613223219e+00 -1.159017054368888688e+00 1.579789996362882531e+00 1.466345728067715681e+00 3.055550673256226535e+00
-1.771878027861169436e+00 6.235036418991483087e-01 -9.627675804293184258e-01 1.638527797547471243e+00 1.760267118695870048e+00 3.487290621572491922e+00
2.713519983801601088e-01 3.921505193042647552e-01 -4.300119983954229230e-01 -1.435369069418368504e+00 2.739173257969211295e-01 1.430200484002132288e+00
4.217245282024109643e-01 2.793852958039435563e-01 -6.314861423659731132e-01 2.226218258652884252e+00 -5.425263729643001742e-01 3.980850920229817902e+00
2.739961405424771623e+00 1.754639105555610756e+00 -2.090035556861420840e+00 9.115401318014962895e-01 5.173395640731370815e-01 -8.426467955380426700e-01
2.797011919374563504e+00 1.820381051026406460e+00 -2.286140279641692530e+00 6.742584461055556311e-01 5.717410675363107098e-01 -5.917579775416127452e-01
-1.589927296657131617e+00 5.318038109060528873e-01 -6.850997275517609619e-01 1.573719915694893334e+00 1.589697076952581778e+00 3.294910106543269546e+00
-1.532169809583510345e+00 7.246780866445019509e-01 -1.073276646642460586e+00 1.557598030502655551e+00 1.534487911907312707e+00 3.490427094347120729e+00
1.355349936919444831e+00 5.030225388151178256e-01 -7.352432804314262826e-01 -1.520479337173176182e+00 1.361214395238891983e+00 2.904085231914415477e+00
-4.894149547592401839e-01 4.722721616270373901e-01 -8.463237535958217928e-01 9.694905501793883440e-01 6.066258126163313058e-01 -8.750514654100063350e-01
-1.879721238657657834e+00 1.789472063487737463e+00 -2.251611963050003329e+00 -1.429449799915225361e+00 -1.846407773994237056e+00 -5.801405174217531879e+00
-1.204578915710003750e+00 5.828098581976214332e-01 -8.199355188090634572e-01 -1.660639203015792820e+00 -1.215282961263171257e+00 2.532697537913219388e-01
1.355393269425461122e+00 4.226798758544961787e-01 -6.584245559830550487e-01 -1.519742065817684118e+00 1.361435082362185467e+00 2.900489903401710645e+00
-3.700962549875481122e-01 2.311185789440083072e-01 -2.610368188173244897e-01 1.493695286778653930e+00 3.712490708371388726e-01 -1.488095327893573794e+00
-4.058731648205169962e-01 1.869289846004314803e+00 -2.525423342173617858e+00 -2.527931524373682848e+00 -7.554213727490410868e-01 -3.615408530470242798e+00
-1.637695440803287050e-01 1.257545557161871275e-01 -1.129021911734941347e-01 -1.492783726822922930e+00 -1.642685796233704365e-01 1.491729443221702311e+00
-1.402689203157086117e+00 4.700277738261018357e-01 -7.460695760971274293e-01 1.524579223841310949e+00 1.409104704687536458e+00 -2.861811681184771139e+00
2.684223192237854771e+00 1.165581870180879553e+00 -9.601877722741652965e-01 1.963692689450363460e+00 4.983781746133343349e-01 4.271526591184959365e+00
6.309640343189366618e-01 4.318794523581590550e-01 -7.682134476935327250e-01 -1.146476966185512536e+00 7.040695472745160943e-01 1.035770124928481639e+00
-1.705297508059208544e+00 1.162092090546105849e+00 -1.031003590231911682e+00 1.553110634965664261e+00 1.704130409523387790e+00 3.009319293945147411e+00
1.730863346893008137e+00 4.898160595718818455e-01 -5.504046577882161229e-01 -1.580572256084424865e+00 1.730561591375571640e+00 3.080228198211118595e+00
-1.170525508681725446e+00 1.888120897666688558e+00 -2.618259092738501881e+00 -1.845855016975430640e+00 -1.276216684426914716e+00 -5.511977585433339044e+00
2.570500880485533379e+00 1.262590982767266556e+00 -1.324913580400518764e+00 1.474176644629465738e+00 5.741026924384137198e-01 4.827310138322109978e+00
-1.805235157072126118e+00 4.850620520247671541e-01 -8.759046223649370466e-01 1.661532726198489796e+00 1.787256777409959696e+00 -2.740889208961513557e+00
-1.784374241259716332e+00 4.190656854771483419e-01 -6.454802294844953492e-01 1.619445122103748469e+00 1.778836706666500733e+00 -2.910104613879663571e+00
5.072512049034754167e-01 1.651854531088484235e+00 -2.136933744259373658e+00 -8.727430319718550988e-01 6.868511530296440570e-01 7.446572455275697333e-01
1.641076344636093420e+00 4.623420934951372741e-01 -7.402978880920186855e-01 -1.590111219554023236e+00 1.638368952767623066e+00 2.862989662412649405e+00
-1.290939203176018957e+00 4.575815142029941995e-01 -4.995506245386023836e-01 -1.582846804043580580e+00 -1.291186821558846232e+00 4.365658166189705786e-02
-1.684727744588905063e+00 1.832154162015984911e+00 -2.307951510793734062e+00 -1.518432094409479349e+00 -1.672020874922148570e+00 -5.804729545849006023e+00
6.588519557496630430e-01 4.968596310678133898e-01 -6.655775527812769488e-01 1.784400748047067387e+00 -6.769840002609041063e-01 4.440981822808685031e+00
-1.565481425054928266e+00 1.832359154584822791e+00 -2.636107029751289854e+00 -1.574625395152261742e+00 -1.567102443365698594e+00 -5.479423808389936035e+00
1.633185252764833395e+00 3.908760475326336636e-01 -3.927469408988299993e-01 1.570677735379403472e+00 -1.633180131820211045e+00 -1.867904155915557033e-03
2.764706460868123106e+00 1.902846458669747776e+00 -2.592752359043069887e+00 5.563756168407795188e-01 7.710577367055602149e-01 -4.195407907134299230e-01
1.417132486371945221e+00 1.493685944445510616e+00 -1.924196553364530660e+00 -1.506249007497556081e+00 1.431256415684902805e+00 2.706572301880213249e+00
-2.583091551321656354e+00 -9.956958108694180520e-01 -2.406394743843791595e+00 -1.961722315347333545e+00 -6.103665674118947670e-01 -1.104783982166944956e+00
-2.069664305729236542e+00 1.845547710871107805e+00 -2.419755817654518193e+00 -1.283067657341040890e+00 -1.984164734172374933e+00 -5.648238289315231420e+00
-1.699450447636071448e+00 6.624064862648024743e-01 -9.677126510810475368e-01 1.609662565006691581e+00 1.693475890846446230e+00 -2.833894944393538395e+00
-4.153768256475771636e-01 1.614683333146863520e+00 -1.849017524629774867e+00 -2.055421065766231514e+00 -4.735421767530553216e-01 -4.178166798536352644e+00
-2.129388093933171633e-01 1.601788786865459446e+00 -2.043601906678305102e+00 4.682065333788674177e-01 4.873838826105036937e-01 -4.202141104469910848e-01
8.143382645314917179e-02 6.761552436767243046e-02 4.844724900819234459e-01 1.542626335996656328e-01 -5.574460211367959772e-01 -1.311851804893383044e-01
-1.962017980366709491e+00 1.720924715176157527e+00 -2.370301175239903468e+00 -1.326357510947273166e+00 -1.879368417050931717e+00 -5.595600722956591611e+00
1.328733904368299301e+00 1.254985026301830731e+00 -1.290211308747978958e+00 1.579489894745296441e+00 -1.328880830573945238e+00 -3.628056438491342184e-02
-3.062690478984248621e+00 -8.227608663294118108e-01 -2.758654353654955926e+00 -2.958141929325710517e+00 -4.463897093708784070e-01 -6.448992389585153973e+00
4.511684325627884906e-01 6.093259466812682712e-01 -7.664320309385412866e-01 1.883227227457613395e+00 -4.759603605115927949e-01 4.363833863678145519e+00
5.642005390702538037e-01 4.752745956279952888e-01 -5.853792411268288198e-01 1.742781615855678812e+00 -5.737018525816534043e-01 4.508463059669172601e+00
-1.545475895690077817e+00 4.899347445516055166e-01 -6.043971193275227138e-01 1.567906541634023876e+00 1.545635876936789943e+00 3.256084855977896542e+00
1.823593793281149122e-01 3.852142199982925286e-01 -6.720320700400629343e-01 -5.775122801968970432e-01 3.385314421683724428e-01 5.511085604587604436e-01
-1.685192467227963897e+00 1.887296501846956298e+00 -2.669099875283975631e+00 -1.490021694439893851e+00 -1.651882067441018620e+00 -5.498095540368793444e+00
-1.352051514288165945e+00 5.517707845587148663e-01 -9.860996923381039059e-01 1.477526136889872443e+00 1.372639546797103538e+00 3.585194698306762184e+00
6.575344765295199068e-02 4.675537613407350634e-01 -5.590318508051066448e-01 2.517680440738022440e+00 -1.126059683615545232e-01 3.762494499740310250e+00
2.669275631917955138e+00 6.197280966613838427e-01 -8.974594245633653600e-01 1.078290703317130506e+00 5.425507819548017752e-01 5.272138310490233515e+00
2.863676320098088812e+00 1.657589240581951673e+00 -2.341789247225740223e+00 4.240199861953434790e-01 7.299738623463229992e-01 -3.244938262266044982e-01
-1.844406092843940748e+00 1.881102986075620320e+00 -2.541941624725141402e+00 -1.400213799086765132e+00 -1.785765757259505149e+00 -5.603889586736003459e+00
-4.075336486951040144e-02 1.565784187298743524e-01 5.062016386928261946e-01 -6.626160976540676484e-02 -6.638419052642005047e-01 5.223406760358773049e-02
-4.853189604345607977e-01 2.365153069148766274e-01 -4.951799999778378480e-01 1.119140705432211114e+00 5.450566021176812548e-01 -1.054775038877805438e+00
1.589894253365856935e-01 9.680850911818994486e-02 -8.529049212502576305e-02 1.499496473126431750e+00 -1.594025402558804094e-01 4.784606889522021511e+00
-1.463926600540217837e+00 1.807976385808963471e+00 -2.573693500505397580e+00 -1.645013097241546873e+00 -1.493820934627686059e+00 -5.514602465204697879e+00
4.909380982719926956e-01 1.788800859223326656e+00 -2.410010337051109897e+00 -7.429708998806345832e-01 7.711173269490350091e-01 5.824844492006863161e-01
-7.308042041592663178e-03 1.268869338137887270e+00 -1.412931688181182199e+00 5.091410639343356415e-02 1.442437802707890460e-01 -5.038675720057625429e-02
-1.799061014576637696e+00 1.754803106564254422e+00 -2.303221146577532075e+00 -1.450269258708699605e+00 -1.765113246220964882e+00 -5.723000406440435839e+00
-3.073093325708048384e-01 3.523162916293128832e-01 -3.840220098890764766e-01 1.471424695007322869e+00 3.088878090865729842e-01 4.816672205272073626e+00
-1.149459499450102173e+00 8.361947557984137358e-01 -1.288652283988225511e+00 -1.764275233544279065e+00 -1.194118568290562843e+00 4.894421137755295415e-01
-1.954958664576614824e+00 6.318775039341748556e-01 -8.499846630586369578e-01 1.658043629937500540e+00 1.945394763608444100e+00 -2.906945694737097075e+00
6.394924024036497956e-01 8.385878275299116780e-01 -1.285663496507549297e+00 -1.044246510952762996e+00 7.618918708168727072e-01 8.939837121340072912e-01
1.375322093746382257e-01 3.031911330760461154e-01 -2.930686343135585625e-01 -1.643347197187004838e+00 1.379019656164038043e-01 1.644044798433332177e+00
7.288297376027343955e-01 5.962564266529730705e-01 -9.144873605204021372e-01 -1.233738466016167878e+00 7.834198663244724692e-01 1.111466388212911438e+00
-3.400341445055812262e-01 4.215677187844962259e-01 -5.832716100093183753e-01 1.143593044596350028e+00 3.751749860400892533e-01 -1.115774447774828371e+00
-3.033086590187949461e-01 1.807545451230240685e+00 -3.164886050736265499e+00 -2.831680458081822671e+00 -1.367226854678088133e+00 -3.206241003250169364e+00
2.567332096780719830e+00 1.037020188331844617e+00 -7.747667575458760947e-01 1.951953185759644382e+00 6.251288625649931152e-01 4.253383989611931426e+00
-1.337559819821997120e+00 1.892121481395135474e+00 -2.322236222810429851e+00 -1.669535072035285506e+00 -1.359138501028755330e+00 -5.842568122793023733e+00
2.919358260550413142e+00 6.333914520358479017e-01 -9.210284545403185641e-01 6.727192424540163751e-01 3.615875716967750231e-01 5.642780395373521607e+00
-1.386182457283241520e+00 5.089143993796707566e-01 -7.631463042276385167e-01 1.523869354282533006e+00 1.392175719166483416e+00 3.400021557668880146e+00
-1.997922596709194920e+00 1.852005581781755783e+00 -2.512987025146091735e+00 -1.298331390063662827e+00 -1.903927956998308080e+00 -5.576111275451915539e+00
-4.580987003379503597e-01 1.523685666191618493e+00 -2.772273068066021917e+00 -2.662207602136533957e+00 -1.282821432935504768e+00 -3.288168745125266135e+00
2.762203472688188555e+00 4.681302975205424710e-01 -5.555279500707304141e-01 1.355393906669880133e+00 3.888474992631176241e-01 4.944583039601991636e+00
-3.002110313359779847e-01 1.731668729809773710e+00 -2.018460636306832701e+00 -2.311220602971536753e+00 -4.121608531447998325e-01 -3.928296806612981307e+00
-1.923742819139010740e-01 1.824048719106980965e+00 -2.338955620790693413e+00 3.766849464462050934e-01 5.466223771240599216e-01 -3.258873769000101839e-01
-4.252806413513065542e-01 5.834531248851797525e-01 -5.629221968557949346e-02 2.408546547587488540e+00 6.644477081325568246e-01 -2.524943446827312421e+00
7.028212207859598770e-01 7.106877353420696375e-01 -9.773570834583391598e-01 -1.269189503436008559e+00 7.435824107562822860e-01 1.170916782342216411e+00
-1.985038446619765029e+00 1.794813443584010848e+00 -2.177277941989244958e+00 -1.408150016558861850e+00 -1.953477662713287266e+00 -5.869142042703177964e+00
-1.380247652983443318e+00 6.777340244593220708e-01 -9.181530069614726175e-01 1.524903479936746908e+00 1.385786344130257586e+00 3.386264607454494868e+00
6.737517288887950873e-01 1.453681036415276573e+00 -2.558473379205044473e+00 -7.293127025960574050e-01 1.212010578439495223e+00 3.040763445480443306e-01
-1.586993053622385297e+00 1.886733744558536596e+00 -2.326709169894767726e+00 -1.563899127474133177e+00 -1.585444483248928504e+00 -5.843154087844024680e+00
5.872880816863176312e-01 5.798394396773077775e-01 -8.419833728167868125e-01 -1.199487981037955731e+00 6.367974372779698911e-01 1.119804788332242840e+00
2.795488592435771746e+00 1.547613219277625962e+00 -2.077220245048186253e+00 6.199623086664298732e-01 6.235157571842717683e-01 -5.252312913531725913e-01
2.739228562237356002e+00 8.052884133201763106e-01 -1.305234699226410555e+00 7.260329695993005261e-01 6.308544899460705180e-01 5.661196108876954014e+00
1.748253690549256500e+00 4.362830341729229122e-01 -5.283089604314012977e-01 -1.587275899661770406e+00 1.747489628392087324e+00 3.048113593805186650e+00
-1.428528028843456532e+00 4.319532146326477973e-01 -7.774581900484996977e-01 1.522327870335042688e+00 1.436981571648177303e+00 3.490340122071144080e+00
-1.866402393351905165e+00 1.842481461584879465e+00 -2.226060392415006639e+00 -1.457317702197245435e+00 -1.844338652944705004e+00 -5.883966484972553701e+00
-3.093089224097482770e+00 -9.408754120937994347e-01 -2.462035121849459607e+00 -2.956165210730424597e+00 -2.656808158123487584e-01 -6.462238684354663754e+00
-1.431103662621377781e+00 1.233319522564246595e+00 -1.129794227909901583e+00 1.585327987336579314e+00 1.431850282303056110e+00 3.037052735794766978e+00
-3.424606389533734752e-01 7.594721775026229693e-01 -2.723531790181820122e-01 2.490764070359001270e+00 5.874289882214498437e-01 3.706534433188731104e+00
1.248210879942590439e-02 2.144824699614987784e-01 -4.900231857365843213e-01 -4.553783993686141840e-02 2.758166397758384236e-01 4.380819587550810468e-02
-1.553377323444346425e+00 1.216256251895620366e+00 -1.226272861858195506e+00 1.570622856974140502e+00 1.553371826193006733e+00 -3.131577165505579075e+00
2.170324430615885591e-01 6.574949715388842542e-01 -9.247569724393203128e-01 -6.955935580577556898e-01 3.426438494892584674e-01 6.663048566955427354e-01
3.331982882972706062e-02 1.405398838479190671e+00 -1.723848174917653076e+00 -3.247645392355649641e+00 -3.201282370635388785e-01 -3.040891012036557317e+00
-3.700083701386170931e-01 1.083674822612491588e-02 -1.921029519935194829e-01 1.135571957873375615e+00 4.101811443342154306e-01 -1.101560136803441781e+00
-1.925491672164718171e+00 6.875985424755853836e-01 -1.013802656088802268e+00 1.688923543187894394e+00 1.906024480785231345e+00 3.487802538182232848e+00
-2.538706051174303979e-02 3.140782443259324541e-01 -5.293351877669942862e-01 3.259502909128500825e+00 -2.167266625662386537e-01 3.026424776973050790e+00
-1.789834492212847739e+00 5.448757236367769430e-01 -7.541563454281330348e-01 1.617011519406953424e+00 1.784974482720132372e+00 3.355836709930130279e+00
-1.232893116741445194e+00 1.840763624594550230e+00 -2.422351769114767794e+00 -1.761487841824681988e+00 -1.290114624658074138e+00 -5.674571673120467175e+00
2.336886932130780026e-01 1.791506159409574028e+00 -2.328987625234377301e+00 -4.352371706278608809e-01 5.814747059334618440e-01 3.706064624029252741e-01
-2.089801066051611977e-01 2.217131269189963894e-01 4.113183369987987725e-01 -3.441194993210878184e-01 -6.621147126198340116e-01 2.754526138120788614e-01
2.804090777080600283e+00 6.419323867019630647e-01 -1.037473016466262443e+00 7.387722034869251830e-01 5.141074703368109233e-01 5.612668133890374556e+00
1.655530831988215879e-01 9.327499351500824487e-02 -2.286000622014976447e-01 2.250388234943863974e+00 -2.134325896234623154e-01 4.021553266726145992e+00
-3.005610932263208301e+00 -6.771220954802906755e-01 -2.873331890541044764e+00 -2.810277964762832426e+00 -4.296697198955612418e-01 -6.586267226417612974e+00
-1.889023787603572258e+00 4.435768151312621810e-01 -5.796128342276480883e-01 1.615439948450513308e+00 1.885976939838040822e+00 -2.998468075860082571e+00
1.531515206390208217e+00 6.001707755092825503e-01 -8.975453498701490007e-01 -1.559279039438880909e+00 1.533246084093240036e+00 2.843997002437887556e+00
-2.012007327666930911e-01 4.358464801747258255e-01 -5.727895295114163732e-01 9.811901919995037469e-01 2.428577767975313995e-01 5.315840294627892426e+00
1.413848186693290598e+00 3.517253590226799842e-01 -4.165953922161866885e-01 1.581049126505799540e+00 -1.414175498536619724e+00 -6.566670331912174974e-02
-2.970520725837852094e+00 -7.121169613166314916e-01 -2.731604472084943502e+00 -2.615372856293967541e+00 -3.459033526907863143e-01 -5.001152711062315515e-01
2.694277826258150821e+00 7.915649236195785310e-01 -3.334663170505325902e-01 2.315598657646185110e+00 6.289432576034662548e-01 3.861624787691780636e+00
-1.634606930907281264e+00 1.839619090383403099e+00 -2.618911721030118045e+00 -1.525922844870349016e+00 -1.616170784586781206e+00 -5.502867388729073106e+00
-1.473558965717900238e+00 1.916467107167401762e+00 -2.504194051384389219e+00 -1.624832869089044340e+00 -1.489909096195509486e+00 -5.693265004991777012e+00
5.349915158894332778e-01 3.486021716221816558e-01 1.613839843771646410e-01 -2.259754593729626837e+00 7.215136327777904590e-01 2.402392560990179504e+00
-1.795896710706814892e+00 1.637441063925253459e+00 -2.199110885971244489e+00 -1.449440142192256253e+00 -1.760844650101018427e+00 -5.709929851095181697e+00
2.840001884908948337e+00 1.897365382373660481e+00 -2.411609219317376596e+00 5.639647837851391454e-01 5.892297888021336139e-01 -4.840994784220490899e-01
-1.373903693244603375e+00 3.967277446173086974e-01 -5.286124353559533695e-01 1.544565036053693108e+00 1.375641387211693267e+00 -3.007132481606678009e+00
-1.391507048804790925e+00 7.047136316754292196e-01 -1.032408197343404721e+00 1.512532615911115430e+00 1.401136499223639253e+00 3.474238544210984880e+00
-1.289590984055136724e+00 1.776320811722451376e+00 -2.080703954310428649e+00 -1.657157321861985277e+00 -1.302838635016901891e+00 -5.967150679751792808e+00
-1.461743797319678739e+00 1.622333661327240550e+00 -1.796845535622324075e+00 -1.589804971560799585e+00 -1.463400216727477998e+00 -6.107649950746261602e+00
2.897960591410467135e+00 4.698022591132834935e-01 -5.809575886625580887e-01 1.151254535833123205e+00 2.673298843080465503e-01 5.145553065312291174e+00
-1.757734836579314674e-01 4.007823174311799241e-01 -4.503833876644261491e-01 -1.842704608752414153e+00 -1.825671031086605056e-01 1.847076525303682271e+00
-1.957065716013651091e+00 6.337749793716132007e-01 -9.956452405971145669e-01 1.713793495062834182e+00 1.930857619113696133e+00 -2.753658082866937029e+00
