-1.970520612768221991e+00 3.105587322339984913e-01 5.774758352930265959e-01 1.254071398292451844e+00 1.818868682053463637e+00 -4.069434560988109517e+00
-1.160575286973941411e+00 6.168362610070428076e-01 6.706096453768620735e-01 -1.175247835170742938e+00 -1.459075884673378010e+00 -1.309868066907077466e+00
-3.163690832178341350e-01 1.858715890078873473e-02 7.367165788832928941e-01 -4.455742635075282676e-01 -8.066280591575742953e-01 3.191818751117815878e-01
-1.644065951389572122e+00 1.046554229257019852e-01 5.975013733874647848e-01 -1.618166425662977748e+00 -1.626708011914968388e+00 -7.034736687431024649e-01
-1.475803166558419033e+00 9.485041463298093944e-01 4.127030656588703134e-02 -1.491315553476946221e+00 -1.518707450576606499e+00 -9.918526578026821694e-01
-1.363614863876130068e+00 4.652443658962592682e-02 4.635884029840051657e-01 -1.468518895344253838e+00 -1.390308878285554162e+00 -5.193814055611826186e-01
2.899387680557537372e+00 -1.464400828004926713e-01 5.838600570592512584e-01 2.613712959221369481e+00 4.961828976667919666e-01 3.615388655573815502e+00
-4.896006883362997719e-01 1.775092970274608772e+00 -8.626554750937303062e-01 2.548760362348360786e+00 1.000426297367800421e+00 3.490453941810255589e+00
1.379659401611120773e+00 5.330665116229995615e-01 -2.480402029320654123e-01 1.516435616627867189e+00 -1.387456104854307481e+00 2.900324070094561502e-01
1.102790222924715291e+00 2.447210279559384749e-01 2.156514500584827687e-01 1.349867358281373386e+00 -1.154758325315297540e+00 5.072116793625375264e-01
-1.660535031437671449e+00 -8.275974131140586554e-01 -2.628066736557567840e+00 -1.598590957435427118e+00 -1.485452853992537126e+00 -5.967919962291477809e+00
-2.761040821097500708e-01 -9.301009588567197284e-01 -2.369561822178829047e+00 -1.063562368263807123e+00 3.171438818597303588e-01 -2.100036286877625002e+00
2.974219012432387732e+00 8.603816147714609119e-01 2.659566915238967821e-01 2.956593592259636694e+00 1.132983187518142421e+00 3.220766869032509305e+00
-4.480031569561647720e-01 1.647013541411568083e+00 -1.577057956161082020e-01 2.692294126165505119e+00 1.497366855581139244e+00 3.176950561262241735e+00
-5.416976913746411881e-01 -1.863239017121910979e-01 6.014707243330496000e-01 2.161355908672077497e+00 6.696311912357468810e-01 4.005004093492068762e+00
2.068397139085868530e-01 1.347789525180852710e+00 2.729833819225112590e-01 2.070913490631786924e-01 -1.619707756283961908e+00 1.027091752112095462e-02
3.105508821168736944e+00 4.267886576303719925e-01 3.071777355398556120e-01 3.087670897104870527e+00 7.346864677310634972e-01 3.181638703802076140e+00
-1.460815943045576049e+00 7.059426076927860505e-01 3.280804884247872089e-01 1.665411951852012074e+00 1.514635519944811382e+00 2.104907662825675985e+00
-1.158426347740084239e+00 4.337554898184129426e-01 5.595724270850609833e-02 -1.367851953101596907e+00 -1.209294040980504858e+00 -5.269338375000665042e-01
-1.981202364847062247e+00 5.138631833598299448e-01 2.229041702757366961e-01 1.286369953900794227e+00 1.870772819067987980e+00 -3.921635979731800337e+00
-9.655693257506703375e-02 1.260896778736574575e+00 -5.419127291399412627e-01 -1.460232631784571800e-01 -7.242851840973462130e-01 1.097106489094711451e-01
-1.778625631510577065e+00 9.556005350268059750e-01 2.391037135944097947e-01 1.377121234219442547e+00 1.646649062269419206e+00 1.939511774226768237e+00
-1.408938588985053197e+00 -1.044344269979613715e+00 -2.237229558836705046e+00 -1.548017678832591004e+00 -1.731063209689913007e+00 1.418055908965409062e-01
2.252457189939202908e-01 9.242844820551667784e-01 -9.882848436098383427e-02 3.022683118137403646e-01 -8.485209350100393344e-01 -2.032994753385679587e-01
-2.302133842420299448e-01 8.001663347790298753e-01 3.884613724131318890e-01 -2.474172335283824353e-01 -1.199211974646093193e+00 9.145963771951937105e-02
1.482304912510505446e+00 6.544109231390443648e-01 1.815071562866392707e-01 1.505060459092282921e+00 -1.511501130100389778e+00 8.378775132270142034e-01
-1.846445468338962392e+00 1.021216641487129762e+00 -4.397814984654737497e-02 1.340487543142199645e+00 1.723613349594574906e+00 2.146636148889260909e+00
2.598796500632471140e+00 1.153318647959027610e+00 -1.144306822453715178e+00 1.585761805922738965e+00 5.428603230313211458e-01 4.694916045786830416e+00
-5.615414738226262026e-01 1.642466538405970011e+00 -2.451285773494516207e-01 2.573217220659366422e+00 1.424187057734662254e+00 3.234621650403553428e+00
-1.330599804332469160e+00 9.032113065964201271e-01 -6.658359817302195172e-01 -1.513259588189534766e+00 -1.337456840105270217e+00 -2.441274579048366700e-01
1.656714224065165331e+00 7.242681146865740383e-01 -4.073292752151670415e-01 1.597631508386257337e+00 -1.652419544218380443e+00 3.180420412501619998e-01
1.357325708210086246e+00 1.220834742727085809e+00 -5.133680350617350063e-01 1.430829320017570794e+00 -1.409077482127996550e+00 7.188342517236576690e-01
3.133122140612815354e+00 1.649204708239178307e+00 -5.058744028512388580e-01 3.132284749676348845e+00 1.143349503260458366e+00 3.145451276040553523e+00
1.303637695554280107e+00 1.161478805057308161e+00 4.286503871468707455e-02 1.320624732056431272e+00 -1.476067581798146344e+00 1.216258234388167159e+00
-6.726228865473825314e-02 4.724687592179893092e-01 5.166047582246365844e-01 3.061143897253719270e+00 9.905682267168920418e-01 3.185762038490949077e+00
3.170931178942523188e-01 1.049127385522347078e+00 -5.458474858667498181e-02 3.730522025011941967e-01 -1.026606074266440238e+00 -1.999221991687319955e-01
2.831236762275943342e+00 2.833020413709783081e-01 3.643005570225495426e-01 2.653041288429725864e+00 7.083647181507405355e-01 3.525238999179608701e+00
1.850584936420547777e+00 3.582900884739647629e-01 1.520964107457487280e-01 -1.431344414741841264e+00 1.814144394002447536e+00 3.669065288013142911e+00
1.650236803266445618e+00 7.539400616196612059e-01 -5.981118737188197976e-01 -1.558443315337132651e+00 1.649266449341963536e+00 3.297912309198265834e+00
-3.001733818516123531e-01 -4.259739617466052897e-01 -3.025379461400922843e+00 -7.931810424090163236e-01 4.279466578337957627e-01 -2.395625588079099089e+00
-1.610218086252966252e+00 1.713244707745193995e+00 -8.600341342029833580e-01 -1.600501615750359541e+00 -1.596708966137950325e+00 -8.536005292190815830e-01
3.052766256713745463e+00 5.744142453352747424e-01 1.451724687719478657e-02 2.982486483676589639e+00 5.948044284692288741e-01 3.273740511940286702e+00
1.721183077012477192e+00 3.036328783122269614e-01 1.470112993322690020e-01 -1.504894713888862867e+00 1.706066813533295701e+00 3.596709020658122036e+00
-2.047723010156059065e+00 1.851041793176670724e+00 -1.142693427719708943e+00 1.246500960177446160e+00 1.926888461302271649e+00 2.374382441493964269e+00
7.715052672682787271e-02 1.659180066870875603e+00 -4.902970190365372322e-02 7.721018153824937835e-02 -1.610031022982750581e+00 3.034191493919594779e-03
2.957566614509818059e+00 8.109204760981840732e-01 -5.076245769570533195e-01 2.584460055432066916e+00 3.532828455676275681e-01 3.670525159884495014e+00
-5.907255744792807572e-01 1.371498467556952594e+00 1.098758021192439566e-01 -5.925813993570603344e-01 -1.496557988145432949e+00 4.990009887098968006e-02
-1.231357948490731991e+00 -9.150405209461804912e-01 -2.579773843253314158e+00 -1.449249349027960099e+00 -1.888510905918360905e+00 -5.910460191905272609e+00
1.069603656567246069e-01 -8.396906594047733874e-01 -2.493501659913335722e+00 5.130983014296714995e-01 2.191137714917169022e-01 -3.644403594240340105e+00
1.317641345477037040e+00 5.328545384404709262e-01 -8.057906605915876597e-02 1.458209988841776772e+00 -1.343565208294693836e+00 4.651435548729062064e-01
-1.096778008237404567e+00 1.760516164376319859e+00 -6.161490405305211082e-01 -1.133818214293126347e+00 -1.380849374627043824e+00 -1.186668076145101169e+00
-5.625384594793403359e-01 5.034753957563349314e-01 -1.891694583029590593e-02 2.207162087064115763e+00 7.249655194415943749e-01 3.933457759439712209e+00
-1.696472404215963570e+00 7.065278194748132456e-01 6.493495656316822240e-02 1.482941211276007420e+00 1.660771701208887174e+00 2.366165431327182933e+00
2.623612971412747630e+00 1.834828617577825227e+00 -1.886929821408624086e+00 1.479688584353277214e+00 5.203588129294876019e-01 4.817303506023781878e+00
2.747089524842948105e+00 1.340681629154444998e+00 -3.673384901768274591e-01 2.675109081792405252e+00 1.024734032477186307e+00 3.397369419293442494e+00
2.854163811095471015e+00 8.708880573862955998e-01 4.700688111877662223e-01 2.846834385361360908e+00 1.350550933616464944e+00 3.207825317843681745e+00
9.688840537685902699e-02 1.566458649885390075e+00 -2.936622322429137122e-01 1.013266070291839183e-01 -1.274233612119353376e+00 -2.970463344025866398e-02
-4.150541665970973182e-01 9.735897583152122170e-01 -9.719306934702963419e-02 -5.206754181000395887e-01 -9.451833308787666033e-01 3.239841991864786941e-01
-1.101578110750890849e+00 1.280926972326730251e+00 -3.284724000363116736e-01 -1.179046458180355916e+00 -1.305572571541666393e+00 -1.005370761009281688e+00
2.049593766101053482e+00 5.296196407089834857e-01 -8.730815380912425316e-02 1.789433059797874259e+00 -2.000246168726915297e+00 4.901848133262673435e-01
-3.739878048485833495e-01 5.808934496837558914e-01 -5.557394934808258108e-02 -6.639513475192667658e-01 -6.345149688077840189e-01 5.622968897023553625e-01
2.518181976965501098e-02 -1.039607543735518780e+00 -2.667011434257258617e+00 -3.094650846915468101e+00 -5.655310315716820524e-01 -6.322818408192327766e+00
-1.358083276454245203e+00 1.702369111708793348e+00 -3.843647344122216314e-01 1.776945420965681643e+00 1.517966899028808436e+00 1.818115396302843134e+00
-3.703386982783369863e-01 8.401839711411283051e-01 -3.550951153299571755e-02 2.647420270168979073e+00 8.680225046336714767e-01 3.476677657081049144e+00
-1.961084806015185034e-01 -3.848563940032053571e-02 7.402988314239598022e-01 2.843135747472256281e+00 7.241982238346912348e-01 3.368065881917292170e+00
2.823384873491079805e+00 1.725737119709643830e+00 -2.239087415512051038e+00 5.908479847299163978e-01 5.963816248901427919e-01 -5.066673718054013342e-01
-2.781226013569813027e-01 1.008482522934964321e+00 -5.948304259927267301e-01 2.524043016057751831e+00 4.939412753113702759e-01 3.700423119165393349e+00
-7.349916934585297712e-01 1.687696539116901651e+00 -3.044214500772819409e-01 -7.437935430339848164e-01 -1.432055987587167900e+00 1.265574440551428537e-01
-2.762093911657858669e+00 -3.262651901416468991e-01 -3.166594064544332454e+00 -2.282530703194616262e+00 -5.112528858846484558e-01 -7.909201438998654243e-01
-1.777193024431505286e+00 1.188543077978525986e+00 3.394043171152155702e-02 1.376476525593190114e+00 1.640794592231873850e+00 1.912277022589993214e+00
7.299851571924602378e-02 1.752804089954229871e+00 -9.049676721613947317e-01 3.238807388276810251e+00 8.501851198848043856e-01 3.077332391256132560e+00
2.972520065450979132e+00 1.306075097582558131e+00 -3.579792317799910806e-01 2.934466461317859043e+00 9.583007545487676193e-01 3.261820433836996269e+00
-6.210032001185611383e-01 9.461573634413056322e-01 4.387184030810720170e-01 -6.292664588211301924e-01 -1.419874701317574539e+00 1.090210324729317948e-01
-3.096462743166285669e+00 -9.904587684480273824e-01 -3.284380176729186473e+00 -3.091745365256348688e+00 -1.133723486419998316e+00 -2.112236420957444918e-02
-3.216567009357114149e-01 5.131936958398560789e-01 4.679397858375392572e-01 -3.813085558051794721e-01 -1.015075791953112594e+00 2.084412573915131739e-01
3.037329216752088445e+00 1.346323156184630054e+00 -4.787849902320098772e-01 3.005254511877256007e+00 8.721380658503742334e-01 3.229602545977745987e+00
-3.514418410411943028e-02 1.100223441989636841e+00 4.709786193799563314e-01 -3.514518353324386918e-02 -1.571209167707477539e+00 -1.432654022084649737e-05
-2.950886589789838421e+00 -6.550361183927715381e-01 -3.212156158090605729e+00 -2.858510300423669381e+00 -7.458137673718229221e-01 -6.493687921996585288e+00
1.894130973436930265e+00 1.604461036833094045e+00 -5.254260257718886828e-01 1.858014834635647539e+00 -1.721383117951815978e+00 1.100858611281811728e+00
1.918324804783985704e-01 1.276818673075027943e+00 7.684196405959126119e-02 3.337923120949917166e+00 1.357702957573762470e+00 3.099553898905162974e+00
-2.221364327773379443e+00 1.372229691563159992e+00 -3.907580313225701985e-01 1.006665460455842043e+00 1.914106830288525130e+00 2.059719007449123396e+00
-1.756602501702700936e+00 8.574721159453909669e-01 -3.291454805590779964e-01 1.476322996816233246e+00 1.731025574687710789e+00 2.605668051840539956e+00
-1.233203279967674426e+00 -1.689100518141964380e-01 5.282075186148320611e-01 1.693605622407329481e+00 1.255523973595805920e+00 2.762752301420299705e+00
-2.499271265142467835e-01 1.060311644968058520e+00 -5.227840677472576081e-01 -4.625325375080698298e-01 -5.875677433996410182e-01 3.933622822048418177e-01
-5.533128836803874462e-01 6.288209508625612898e-01 4.356248818639794074e-01 2.526655411996828970e+00 1.145471178593717054e+00 3.425169068339379841e+00
-3.028954521881103812e+00 -7.191427127543402742e-01 -3.241118662867297218e+00 -2.987851943007922451e+00 -8.245807967411845629e-01 -1.048266336749330702e-01
2.678452209568420894e+00 3.244501263182025252e-01 1.762491308482104502e-01 2.336549750304856676e+00 6.683744570708155530e-01 3.826187812842574143e+00
1.173003833471709223e+00 8.844086046608370388e-01 -6.078665228010109445e-01 1.456561472945068658e+00 -1.188912128785621469e+00 2.986543632088270450e-01
-4.325787558968213764e-01 1.162635411279881570e+00 -4.335803807125224174e-02 -4.741372610120819231e-01 -1.163482655561190349e+00 2.005629787257172947e-01
3.096350195422468143e+00 1.518284944723432339e+00 -8.422715291712303820e-01 3.069364135657303816e+00 6.772910808272869509e-01 3.197916275858169843e+00
-2.826301427266448840e-01 1.031669193499647585e+00 -3.983876759438880200e-01 2.685429450538866725e+00 6.854952186683000992e-01 3.504594133863253802e+00
-4.850833978347739439e-01 1.645006742001193789e+00 -1.508878514377369751e-01 2.655296682934234820e+00 1.502981089371704382e+00 3.177397049670773299e+00
3.986881755446006204e-02 4.675020652444224489e-01 3.909128426063175898e-01 5.264547802347806921e-02 -8.591026819308340556e-01 -3.439835083996078263e-02
-1.424501377344076447e+00 1.171936040618839492e+00 -4.310475065500058989e-01 1.669926109809783732e+00 1.463021258052432438e+00 2.395345583327530115e+00
2.711802402330420136e+00 1.807393906658726790e+00 -7.501723622991895990e-01 2.657165023444471252e+00 1.107821359647616299e+00 3.372430877002966287e+00
2.064335396350365226e-01 -9.023122743701464943e-01 -3.048489814994101099e+00 -2.859976795301241825e+00 -8.292664831032736661e-01 -6.476145854833237792e+00
-2.843560927032159902e-01 5.818673389157372755e-01 -1.081948399225463459e-01 2.571861284727328556e+00 5.468613945520583997e-01 3.642252600542238206e+00
-1.252342019453248190e+00 1.678708410718138033e+00 -6.688470200502545371e-01 1.843025337473103598e+00 1.403450825624289466e+00 2.108753221011901768e+00
-3.845370398751342678e-01 -1.843821912334006330e-01 6.609141792060084786e-01 2.418597885216894561e+00 6.028887223938843576e-01 -2.513093347605146910e+00
-1.438606499146479756e+00 7.964417067557960639e-01 1.544384865777607453e-02 1.666981233314172917e+00 1.479967898370876611e+00 2.325325003704141302e+00
2.707149319467384352e+00 1.180478436208069609e-01 3.299499699725075286e-01 2.321914419777250771e+00 6.135899750814001186e-01 3.860794444456534080e+00
-1.819485540233225507e+00 6.581109784847160027e-01 1.351277914243572409e-01 1.391765262147310889e+00 1.744333315781991134e+00 2.332732124821372377e+00
-1.834677780743318998e+00 -8.547669374174492463e-01 -2.389056552531641398e+00 -1.598356618275771579e+00 -1.308330784119976720e+00 1.058622483541138692e-01
-2.871873148725435421e+00 -8.572739667479332137e-01 -2.792625854197080315e+00 -2.624926857156641091e+00 -5.698392087366673797e-01 -4.462002149305306364e-01
-1.906956353755286937e+00 9.292621926884371275e-01 -3.477071929662784999e-01 1.381155308507896917e+00 1.850043796081472625e+00 2.533299558465649692e+00
-5.479463159779949244e-01 1.370874138765945327e+00 2.089859399356775449e-01 -5.479665285189857515e-01 -1.578532947459718505e+00 -4.719101551856706017e-03
-1.353940063144579264e+00 1.063694772812626477e+00 -3.898347458242775732e-01 1.707426886861120430e+00 1.401859256084710958e+00 2.456138910164910261e+00
-1.874375826395529243e+00 7.274424452363228433e-01 -5.114962242608681597e-01 -1.637820934485660462e+00 -1.867102700761272605e+00 -2.259604484681412284e-01
1.381372550133776134e+00 4.590668129543591935e-01 -1.325772225585740427e-01 1.509378076605608854e+00 -1.391486266448591858e+00 3.320209645820142996e-01
3.120137240524794464e+00 1.289418176364239832e+00 -2.279366447592123257e-01 3.117019852409608216e+00 1.061614555739285759e+00 3.153572678465863532e+00
2.044759490909066280e+00 7.747400038268751343e-01 2.689191957428166413e-02 1.923910541130656071e+00 -1.893832697301527812e+00 8.597655461258606469e-01
1.602271245715051418e+00 5.976218147036190809e-01 3.379924071702711807e-01 1.596132794321047710e+00 -1.589464512533078633e+00 9.358536133910273502e-01
-4.583729061287543094e-01 7.468288619853209465e-01 2.769119187108522451e-01 2.617733545731477651e+00 1.085499106181028850e+00 3.404813123400404873e+00
1.653004516784362332e+00 1.463367331213209166e+00 -1.396175414260056036e-01 1.650516699158751210e+00 -1.590873094501221496e+00 1.324557737072585617e+00
-1.330776728558329847e+00 8.915548940321817994e-01 -2.171434749438158618e-01 -1.419152681755258216e+00 -1.384038043265313433e+00 -6.886320290269485334e-01
2.895504207758984094e+00 1.116294262162146778e+00 -1.165451961976995632e+00 1.377697865802062438e+00 2.508507350158521443e-01 4.911568179064941475e+00
-3.341557142044612738e-01 9.567750921764633931e-01 -5.892462935818129077e-01 -7.681413925520215180e-01 -4.915579813924415564e-01 7.054714688813326084e-01
3.076200958212937486e+00 9.081832010906294439e-01 -1.136178736412749718e-01 3.050041509793890437e+00 7.966666804082545017e-01 3.205695620588199901e+00
1.929702548124822670e+00 1.094252468582882720e+00 -9.597150374479167523e-01 -1.520516661698593230e+00 1.926308808150565488e+00 3.285169780862921218e+00
-1.551864593241184531e+00 -9.487301167963649862e-01 -2.411027070564770280e+00 -1.566700158795166553e+00 -1.589273578493632044e+00 -6.064977321455310211e+00
-1.142989327462179405e+00 3.422370278307341751e-01 1.007587264831628082e-01 1.763824879238556020e+00 1.186581110729752364e+00 2.660929104963125624e+00
4.832515749033812757e-01 1.457383331893206568e+00 -1.146453775957238408e+00 1.042926320495633608e+00 -5.679041020325698019e-01 -9.657158690760875297e-01
2.894805688876380234e+00 1.465590312647411020e+00 -2.288336349528251878e-01 2.880997599343233073e+00 1.247255832231018324e+00 3.226166699263589788e+00
-3.082286747445430741e-01 2.767174184959371175e-01 2.208107077619879954e-01 2.553401789621912332e+00 5.783809587302360944e-01 3.650902367336168020e+00
-1.514991926961457125e+00 6.634308800676543827e-01 7.284300411401797293e-01 -1.515873834737978543e+00 -1.560874107779688824e+00 -1.392145215432876393e+00
3.122132960145702185e+00 1.049671269309454535e+00 -7.396915329473900957e-01 3.077523197090517915e+00 3.105721845691791216e-01 3.202620436743961463e+00
3.369349949293324719e-03 6.440276073995936101e-02 6.082311394143098404e-01 3.146985230973675662e+00 6.726520348730558041e-01 3.137377361918082030e+00
4.202800410265473685e-01 7.590052617424222214e-01 -2.843520530952202696e-01 7.741359124859777951e-01 -6.231490860762632922e-01 -6.710452930642146763e-01
-4.539587182512874741e-01 9.669570422292238510e-01 -4.469541349277336151e-01 2.365311441540153936e+00 6.762551869814390493e-01 3.795147506499416235e+00
-1.845578601676830965e+00 -2.461730787767071049e-01 6.455009627435571717e-01 1.461630699033259928e+00 1.823460235640965044e+00 2.728397962429278678e+00
1.282244769028057396e+00 1.188968263983014362e+00 -8.918874331034282177e-01 1.484116143067752303e+00 -1.295217461323641572e+00 3.091135946097261500e-01
2.853542268147190697e+00 -2.609912147704721019e-02 5.301304337083726503e-01 2.591217769435657292e+00 5.743096494680087760e-01 3.617313139477189132e+00
2.814266099081946582e+00 1.637939963428167056e+00 -6.728725860845596873e-01 2.749916688123736019e+00 1.001392744637441101e+00 3.360685268400573023e+00
-1.689921649026750794e+00 1.811149352827288728e-01 4.176782541301251039e-01 1.503436619395855711e+00 1.669116811674934198e+00 2.539484953479290485e+00
1.178172370057575247e+00 1.716662631229534552e+00 -1.259042885242582122e+00 -1.751763955137485951e+00 1.220420556570719572e+00 3.631331401765731659e+00
2.193562720415739298e-01 1.867197729056149891e+00 -4.067942130374528897e-01 2.206576388580878401e-01 -1.463057306017639725e+00 -2.411666482832385341e-02
6.050568182871453038e-01 1.805778255945404087e+00 -3.272722531926968159e-01 6.070559695651139842e-01 -1.494924284697257022e+00 -5.260095689518719253e-02
-1.535686283994842194e+00 1.149837560234445499e+00 -3.600625195838722536e-01 -1.545853137301752334e+00 -1.546076210482888236e+00 -7.900904918319614501e-01
2.940835070956003605e+00 7.047016878538774343e-01 2.416607947293784586e-01 2.895818206365794012e+00 9.607614202899880107e-01 3.284327245122977246e+00
-1.632692829213104657e+00 6.120505067197865579e-01 1.156797764380029098e-01 1.529597410804201196e+00 1.616995545097508868e+00 2.412903888458147073e+00
-1.611964549371786237e+00 1.445075342058964818e+00 -6.815174071715632831e-01 1.542322112568650372e+00 1.600525546615698014e+00 2.377605361082929747e+00
2.704305192260384683e+00 6.812404230759919743e-01 1.301656413305488924e-01 2.569020927154819667e+00 8.973289214917199441e-01 3.523859385369730202e+00
1.386251196375293704e+00 1.293617490770284206e+00 -1.002440871532839894e+00 1.517255610200747729e+00 -1.394097241228280160e+00 2.959246804364621952e-01
-1.061508519480224733e+00 1.522246205975560596e+00 -5.389103077702170896e-01 2.005899885007093708e+00 1.297165019598934821e+00 2.097402367877944762e+00
1.259677091576370644e+00 7.684234703602971228e-01 -6.249392112410416811e-01 1.524840559206555479e+00 -1.262974597046090164e+00 1.506226410459521048e-01
1.942881731851656912e+00 7.804172257897833420e-01 -5.080718333347126192e-01 -1.466198836928402471e+00 1.928531629896219179e+00 3.432873898116624467e+00
-1.160766120442309202e+00 6.693287275831074634e-01 3.794313145574471635e-01 1.931121339223547562e+00 1.370679176180827685e+00 2.056267048114219786e+00
-3.102302604097064265e+00 -4.290928153596992867e-01 -3.362274392895392428e+00 -3.076633335875755826e+00 -6.507896151663569162e-01 -6.334906006173554260e+00
2.955486874754395532e-01 1.350980965730414596e+00 -2.953338584883966056e-01 3.365663789413212426e-01 -1.080024108347711342e+00 -1.634310517845792288e-01
-4.123477741403282493e-01 1.256230200785268147e+00 -5.476383031458719186e-01 -5.918228376872076701e-01 -8.014859377215481917e-01 4.374024307738753059e-01
-6.751407289266881939e-01 2.782274698586285622e-01 3.992693686713096879e-01 2.235081951945283141e+00 9.169927107750569517e-01 3.802014642071625428e+00
-1.370243760967131630e+00 1.405593858288305631e+00 9.135703546111646756e-02 -1.370772579992388218e+00 -1.556095242038400217e+00 -1.498431864666175173e+00
-4.233730210202865663e-01 1.166961211147943267e+00 -8.319649996282519888e-01 2.201147564127412082e+00 5.335089574077509500e-01 4.009396387393189265e+00
-1.638940235552683866e+00 5.576792993425052636e-01 1.026645418830498813e-01 -1.612633184012103538e+00 -1.624594877499260681e+00 -6.614759138279026063e-01
-1.187108694453811175e+00 6.499558465920595163e-01 6.597892452787277318e-01 1.942664602115083960e+00 1.474019659819678862e+00 1.813641491310321374e+00
-1.707133248019314653e+00 5.790442726446251021e-01 4.032919692990584448e-02 1.491324436740312231e+00 1.681686204714142541e+00 2.517799211170051787e+00
-1.904489610443714565e+00 2.862702994351825070e-01 5.555838158985894060e-01 1.317778777132301737e+00 1.790725929773969050e+00 2.271662946147630979e+00
2.491527166644497970e-01 -1.067248586428096280e+00 -2.992670383083795294e+00 3.098654570507195505e-01 9.417169542682559680e-01 -3.327795646802716334e+00
2.307538911584528230e-01 5.235414647588141346e-01 3.115563226549442621e-01 3.448464176493681865e+00 8.588404267230358435e-01 2.937456667412405409e+00
1.655752241224956789e+00 1.427369740176532842e+00 -4.992373987545642433e-01 1.638860616374810064e+00 -1.621667709493009202e+00 9.298716611504992402e-01
-1.028168731895282129e+00 2.553665127768631193e-01 4.683498579678567753e-01 -1.190871716404368508e+00 -1.173475209476519066e+00 -8.011206992337270849e-01
-5.706824903474010391e-01 1.655970562634668353e+00 -4.522998929773650034e-01 -6.024702946240414470e-01 -1.263947798473596729e+00 2.048341870748125182e-01
7.071424426069423674e-01 1.553822441980340641e-01 5.097606919536297188e-01 -2.196219119944695652e+00 9.295820877428819795e-01 2.449813368700089811e+00
5.832648926490578978e-01 7.840265175676773834e-01 5.500586908844408152e-01 5.963350549265316047e-01 -1.373799406046004368e+00 -1.320821039928301577e-01
2.908150378669247971e+00 1.816159744287793476e+00 -9.206247963195024475e-01 2.845897533233944898e+00 9.170739335467905651e-01 3.324771177496966157e+00
1.179188982936219210e+00 1.185956522093629006e+00 -1.308540161090935960e+00 1.621243231688836328e+00 -1.182279626353290425e+00 -1.325078288351757561e-01
2.598400729117732455e-01 6.536323751526873505e-01 4.706472952984023794e-01 2.866302560577277392e-01 -1.140297086283788008e+00 -1.223907656137824124e-01
-1.604850603740682224e+00 1.606870275078012389e+00 -5.324518111728489267e-02 -1.604848594090598768e+00 -1.571386191307218461e+00 -1.553627451943077276e+00
1.486606513863296897e+00 7.667688010225581774e-01 -4.804096027543774960e-02 1.515285164045406585e+00 -1.507459611535524546e+00 7.204938858745897345e-01
-1.485875166626863919e+00 6.977459545769311156e-01 -3.360652919986574783e-01 1.600912671635325468e+00 1.491376395493842821e+00 2.778708160851418363e+00
2.849171166973705649e+00 1.221417487137585578e+00 -6.490065600490177999e-01 2.634343840703089246e+00 6.352706594340010726e-01 3.562222153024587445e+00
-1.726790028732250848e+00 2.623742094154676852e-01 8.672794469480137047e-02 1.517053743872895932e+00 1.717305729783633383e+00 2.788539199876646890e+00
-1.229900870835191951e+00 6.132693037656908874e-01 -3.910470875333447727e-01 1.648830836547518386e+00 1.238606542239889752e+00 2.906273964581353564e+00
-1.087757804235560233e+00 7.616597041073024377e-01 2.363458274468467624e-01 1.985952764239706125e+00 1.316321791565782773e+00 2.089708258692914544e+00
-1.208472646069986833e+00 3.317399221157562028e-01 1.623779546681919927e-01 1.748658186270816595e+00 1.253447742797810571e+00 2.618947989843225077e+00
-1.372082130315850801e+00 9.684795101484827695e-01 -1.011886271647780972e-01 1.723173040296409608e+00 1.442740212153348800e+00 2.264505897550837421e+00
-1.912561791219140606e+00 5.389613740801612041e-01 1.995094438716846219e-01 1.335762994064371156e+00 1.821245122293631447e+00 2.373394286426836253e+00
-1.924158018286797001e+00 1.586097494178284384e+00 -1.054933599533241617e+00 1.386092110319552040e+00 1.873778259370113775e+00 2.582148573966360328e+00
3.107279457754340779e+00 5.602912985922425815e-01 6.935703678437327158e-02 3.083256997561000023e+00 6.304542959049437290e-01 3.188750129956429813e+00
-1.251702467595284363e+00 9.560861259790487399e-01 -8.128551591508040852e-01 1.617926971458407026e+00 1.255078386127459478e+00 2.990851617510859040e+00
3.204150601791861952e-01 1.296980328622513223e+00 -5.712517065231154101e-01 4.636768530622767948e-01 -7.813720251542740636e-01 -3.411247061483090870e-01
-3.386999946174871212e-01 1.078847225337398630e+00 5.146091036210960201e-01 -3.387920401333665565e-01 -1.592161451277233741e+00 -7.526942638843165008e-03
-1.620104625830412592e+00 1.061542272336667203e+00 -3.532043511503992761e-01 -1.602892039353530418e+00 -1.608241921971343302e+00 -7.089321559934573802e-01
1.320856726214679755e+00 2.845062334058838793e-01 4.288504693824744529e-01 1.405273056034149537e+00 -1.382658266004872072e+00 7.290177102454463709e-01
-1.865539366944585442e+00 1.907474372009876573e+00 -2.378500929875730474e+00 -1.433889590445575291e+00 -1.832631916014920925e+00 -5.794098230416251383e+00
2.201818808674575134e+00 8.846257580253049646e-01 -6.799234862096086018e-02 2.060151205528187646e+00 -1.986609529030422205e+00 9.218888828205145103e-01
-1.139665000341447243e+00 1.260214364216838412e+00 -5.716299830296124318e-01 1.855180375194033005e+00 1.242234489710338785e+00 2.405545964486574206e+00
2.087752429015032440e+00 1.289475313373962706e+00 -2.849313571186971594e-01 2.018146960926319622e+00 -1.839142165141101959e+00 1.065946570467066534e+00
3.242574035494802942e-01 -5.201897107443065327e-01 -2.940411188558664346e+00 -2.321460573966685370e+00 -4.508804360595643490e-01 -7.675175512410773448e-01
-1.701845575899351370e+00 8.274167952855122632e-01 -6.774367308807122123e-01 -1.590487208858664792e+00 -1.700360448836123917e+00 -1.512634314589136331e-01
-3.593627565026033532e-02 -9.602783076389281858e-01 -3.110929738094579733e+00 -4.487933927463731709e-02 9.300949795449291457e-01 -3.114741540450646440e+00
1.424536775959386548e+00 1.743902975126494947e+00 -9.311015992018816245e-01 1.464219141580574091e+00 -1.470432001261757771e+00 8.181636017222135848e-01
-1.901655342054132891e+00 1.753710178735242431e-01 4.432218501961494028e-01 1.374189680788035606e+00 1.838641494043035785e+00 2.496429941045770207e+00
2.687630379877328668e+00 7.065355582700091341e-01 -3.653164232138044198e-01 2.172003849386594077e+00 5.606636090500425329e-01 4.031642086453843810e+00
-1.412498501962095698e+00 1.134431964443349372e+00 -4.746361495316654966e-01 1.668338434226666722e+00 1.445915202589276749e+00 2.475686615562326054e+00
2.550096542429732160e+00 7.719485171457186601e-01 1.807432617851830459e-01 2.452245781578599182e+00 1.068954378579922482e+00 3.519073644929084921e+00
-1.793206170850022652e+00 1.319359119110348866e+00 -1.868523808129801955e-01 -1.772777537488553268e+00 -1.664539593929421413e+00 -1.142021269479697620e+00
2.675878958831882315e+00 1.398430938784589017e+00 -5.689504542459694614e-01 2.543473598458821705e+00 9.231096019637896610e-01 3.531633652849890392e+00
-1.581968944214444006e+00 7.580369541653662058e-01 -4.412237098252441703e-01 -1.574274643891697689e+00 -1.581407429112874574e+00 -3.168387588443315472e-01
3.103109280686922600e-01 -6.431299599152613400e-01 -2.715039311496209251e+00 -2.161038555761068736e+00 -3.764017614700020387e-01 -9.465481329554749079e-01
-6.171318071773762570e-02 6.358512736575431257e-01 -9.527953455772729049e-03 -1.051187669009595316e-01 -6.289450461950660820e-01 8.512702282664810771e-02
6.107083404924349423e-01 3.284319122393834500e-01 3.426816235807725874e-01 -2.297117175398363020e+00 8.742445826665757869e-01 2.516097057260075598e+00
-1.729715751663528422e+00 7.378945768015661155e-01 -3.826099503608180741e-01 1.515103096388614956e+00 1.719708925341438377e+00 -3.501039777734646474e+00
5.577393409315284378e-01 8.977745244725892082e-01 3.320182512205788194e-01 5.847116509305304577e-01 -1.283094539168432524e+00 -1.856600547091648845e-01
-4.752633257169248948e-02 4.974345283149349539e-01 7.156361792102184927e-01 3.090861168662041969e+00 1.213509265459490338e+00 3.159348480455222319e+00
8.231856900967993163e-02 1.379227411359263300e+00 -7.054562203305408952e-02 8.521654548080877245e-02 -1.309586923675330583e+00 -2.205732376624876603e-02
-1.044939956231036415e+00 3.125843083838658054e-01 1.210870115463629909e-01 -1.331576454578681235e+00 -1.097874497777045599e+00 -4.915895709888098430e-01
2.921060353644632901e+00 1.456162839878297977e+00 -7.148452384850562114e-01 2.821063733353433189e+00 7.674057221209558133e-01 3.376122056761118984e+00
2.794343969536098982e+00 1.068980039980700347e+00 -9.013734237526010995e-01 2.002798189096637316e+00 3.840999890151979845e-01 4.250924104448644769e+00
-1.370828989292023126e+00 7.936569262601753660e-01 -8.571478298924428696e-02 -1.439762629310642250e+00 -1.419316312211972964e+00 -7.178922518209858161e-01
-1.442621258038032650e+00 1.616962671687753206e+00 -5.289055167744528552e-01 -1.457137863724468074e+00 -1.511429324235517013e+00 -1.091428902865088313e+00
-1.522563633390668247e+00 4.726253979782028547e-01 7.015297426432112182e-01 -1.526303669773635407e+00 -1.552163208243240167e+00 -1.174559005244829812e+00
-1.963766204625861045e+00 -1.013767133153473443e+00 -2.182197061599320254e+00 -1.593314078367206621e+00 -1.178444431530555558e+00 5.884103999962640025e-02
2.050216991464801908e-01 1.495588908971932640e-01 4.706502255576619498e-01 3.485094431799289350e+00 6.489614856777059515e-01 2.863993195487924748e+00
2.805130116345534663e+00 9.434790574385362172e-01 2.955479072783984140e-01 2.787265964396366424e+00 1.258280695688539064e+00 3.254846832455030370e+00
4.411542039841530594e-01 6.145779513098492686e-01 2.530817367818459784e-01 5.542945466785597075e-01 -9.462759324943105232e-01 -3.472848946752624677e-01
-3.374674835630464553e-01 7.303083498647306993e-01 -4.305601119081971517e-01 -8.711369131080277661e-01 -4.475240845448755223e-01 8.197000526627555850e-01
1.521884037852722305e+00 1.771088404582971676e-01 4.514380838921266959e-01 1.542017827178494338e+00 -1.531231281510299524e+00 6.291205837391702360e-01
-2.885150012107500217e+00 -3.711237780503230943e-01 -3.404999436431826343e+00 -2.725060059409661228e+00 -6.777058317670547893e-01 -6.615095814565214560e+00
-1.584231011973967762e+00 1.806028073120227617e+00 -5.300651240938023534e-01 -1.583653734562319615e+00 -1.574705437388872920e+00 -1.275981652886580386e+00
-1.900999619694143217e+00 2.031532268009952624e-01 7.554506552669773001e-01 1.297324196948005381e+00 1.758214903853414945e+00 -4.126047077859932521e+00
-5.760346844762310736e-01 1.485095000872314497e+00 5.755604045609912650e-02 -5.762174954745374889e-01 -1.547192832317204836e+00 1.533710509478714359e-02
1.977021958385697609e+00 1.138838152268446979e+00 -1.020023731235609965e+00 -1.519850152351882810e+00 1.973985433552118085e+00 3.270825991237334751e+00
-1.652157030882792421e+00 1.303290946115469140e+00 -6.830454467213838976e-01 -1.618153786738841582e+00 -1.636971696638087836e+00 -6.218194454047607511e-01
2.842741079881430100e+00 9.390043627692074013e-01 -1.070930840727716410e-01 2.746730250280558394e+00 8.715911238294891117e-01 3.403647323564956029e+00
1.515033488993283051e+00 5.381178613744664885e-01 4.670224983641653727e-01 -1.617881509530949558e+00 1.540922873630159229e+00 4.147422081824620577e+00
-1.568077838516899858e+00 1.235855060932924410e+00 -5.037699186989891276e-01 -1.568976778387930038e+00 -1.568769186092137780e+00 -7.320934073976801404e-01
-2.011863836988226240e+00 4.140358094221766594e-01 3.714361164723370412e-01 1.248592586830947981e+00 1.877418852496989254e+00 2.305906827954660621e+00
-4.997885541232754414e-01 4.464587455811942496e-01 -2.236885354528989761e-02 -9.249126157747896704e-01 -6.436153274920295431e-01 8.151318262690312455e-01
2.705760040766373997e-01 1.575467646165948032e+00 7.856537041008042257e-04 2.705808752244265869e-01 -1.576052312632013841e+00 1.456327009507538519e-03
1.537999513835238474e+00 1.041439966085130342e+00 -3.071246528048900970e-01 1.548812143755535109e+00 -1.546448315203752477e+00 7.345905945144702853e-01
2.997205691738831668e+00 1.342717973194577752e+00 -9.557684387618939903e-01 2.773879577471132230e+00 4.117366760201819353e-01 3.480969519822423308e+00
5.128251472582043835e-01 5.968387067337607155e-01 -6.855963573561942026e-02 8.405957109852915110e-01 -7.188373235969913733e-01 -6.990135990382395637e-01
1.559490206101321830e+00 6.957717033608418200e-01 4.295587641016401781e-01 1.560590899519340047e+00 -1.565919703547162811e+00 1.125355011808995442e+00
-4.611537793441634614e-01 1.572716608465984933e+00 -3.643554716671366656e-01 -4.884625945572058092e-01 -1.247685678464010905e+00 1.671616249574355839e-01
3.073331862298166239e+00 6.345939716189881175e-01 2.222309255389867955e-01 3.051324005945661444e+00 8.588402005643540615e-01 3.200672456542312805e+00
-1.875611206335526804e+00 9.098951813046590731e-01 -2.980179708551587425e-01 1.392005822788761726e+00 1.818998066852797191e+00 2.507346369980367751e+00
-2.083359870666093627e+00 1.144615892201058305e+00 7.502042570249529974e-02 -2.056895340332869804e+00 -1.740295536637970208e+00 -1.261766186785472588e+00
-3.627226206753979554e-01 1.601264834124301387e-02 6.728950337602866982e-01 -5.381489082032365756e-01 -7.645289056523868476e-01 4.067661358216673184e-01
-1.951782231035063431e+00 2.106449600621838059e-01 5.465418835618996996e-01 1.302312089961058295e+00 1.844434228548926580e+00 2.347230962212606631e+00
-1.526023720924686078e+00 1.666448283219775117e+00 -3.413875791022654149e-01 -1.527363920367291517e+00 -1.559902842663359657e+00 -1.325304722216097408e+00
2.039595904533323623e+00 1.811230778974678435e+00 -1.196893660755483868e+00 1.854834616546746862e+00 -1.948941910798080768e+00 6.690490307840304407e-01
-1.980181652133037040e-01 7.502489652770980566e-01 1.838743744464191587e-01 -2.445512237697347602e-01 -9.484925896827903768e-01 1.444513040597587561e-01
-1.321465186464851227e+00 1.497816223231973609e+00 -7.898846142880295851e-01 1.734888264595627838e+00 1.382213190675254832e+00 2.418102415580444031e+00
2.092628713388168027e+00 1.412685957568063033e+00 -7.394023973987143838e-01 1.915064828959798016e+00 -1.971087280782737094e+00 7.437987410082842477e-01
-1.238435164969802882e+00 1.831084298724997339e+00 -1.135960379508767604e+00 1.788371482498453569e+00 1.317520475458925366e+00 2.418656216847939966e+00
-1.475505918094843771e+00 1.886701733928429325e+00 -5.274237257803764400e-01 1.663978203463225336e+00 1.550814729422303362e+00 1.781376591206744964e+00
2.538686320975550359e+00 3.461319062307053884e-01 3.534383633917344558e-01 2.322844398866807047e+00 8.889639943012674905e-01 3.734463070120063843e+00
-1.513174524233380502e+00 2.526977773897276514e-01 5.882966988860557356e-01 -1.527828742312569821e+00 -1.532396379497580119e+00 -8.418288562894552518e-01
-8.717327315358672779e-01 8.528627516462161662e-01 4.689334529368138216e-01 -8.871204067464177889e-01 -1.411548883176948266e+00 -1.378565733167557372e+00
-2.841765201459322210e+00 -1.047257896856989889e+00 -2.903650582313118456e+00 -2.737960804867323628e+00 -8.510307059244424099e-01 -6.557613012451804835e+00
3.043412190545636165e+00 6.884258432370614633e-01 1.869561124414565179e-01 3.013945192908308535e+00 8.793892894860769749e-01 3.223261514688763540e+00
-1.491923796233632471e+00 1.696839013256817630e+00 -6.025171911682452031e-01 -1.500681143204652956e+00 -1.534656336934133281e+00 -1.095583169932325740e+00
1.558807312880957419e+00 5.198621447863949196e-01 2.541550838514033961e-01 1.562412441669158047e+00 -1.562218136261819934e+00 7.740580546151173413e-01
1.887601198667519853e+00 1.193022275163480916e+00 -2.887957816319483562e-02 1.863271083229776748e+00 -1.694326801872602983e+00 1.182367496831521203e+00
1.614624042625419920e+00 8.583450047299067132e-01 -2.948544692022000979e-01 -1.547373142518231326e+00 1.607850035908869213e+00 3.705509848446058907e+00
-1.511971202294116523e+00 1.065191364863754368e-02 6.577360371188274435e-01 1.607276407425340725e+00 1.524633602044915603e+00 2.472372576455572624e+00
-3.289631958295486935e-01 5.799521610906496205e-01 -2.369318235478558576e-01 -7.926997277766443251e-01 -4.707164727726275699e-01 7.352167582310747962e-01
3.018689096504758584e+00 1.780338541570467781e+00 -1.109855805455481237e+00 2.945358003699422245e+00 6.799385223670670886e-01 3.294961308706089387e+00
-1.717368083614749574e+00 -3.340386457048762914e-01 6.660213510878214560e-01 1.522721270781856040e+00 1.709305969791672597e+00 -3.476899635383672305e+00
1.643400281728248480e+00 1.147151126782982367e+00 -1.173105514661690219e+00 1.568908197479783162e+00 -1.643369485808678698e+00 -2.601995297748208730e-02
1.619243013320893709e+00 8.498393855246687556e-01 -3.723779335489117714e-02 -1.535604807152536777e+00 1.604106607812192165e+00 3.954773770655381160e+00
-3.165567079942689377e-01 2.293253131850571391e-01 5.141746488825067463e-01 -4.506630025335369716e-01 -7.960650638031413484e-01 3.263668666303733423e-01
-1.890436484631238701e+00 1.540741278458961361e+00 -8.547312116523810843e-01 1.364122049139281589e+00 1.816392149459596705e+00 2.429979385457730068e+00
-1.468854781021575295e+00 1.907062594748180961e+00 -1.015756955784596682e+00 -1.491386197216537646e+00 -1.506797924029275704e+00 -8.938528455731938882e-01
4.628686705995654904e-01 3.440502798527464434e-01 6.269215495850763986e-01 5.437453577864542753e-01 -1.041313076101486823e+00 -2.963487520792620344e-01
-3.018782921161047739e+00 -7.119744347454315392e-01 -2.616980889239613361e+00 -2.556079453881598074e+00 -2.236283809477035422e-01 -5.739593989473782409e-01
-1.757311031062471551e+00 2.877243781799405098e-01 6.736114644416172359e-01 -1.724308265273437168e+00 -1.677140046732806589e+00 -9.695126154732386370e-01
-2.028860823149525761e+00 7.970965728933727679e-01 -3.443737581066478870e-01 1.358381395490522614e+00 1.979759889809970641e+00 2.644650374318701314e+00
2.888654347947015477e+00 1.835387754075626043e+00 -5.843016099136199015e-01 2.875767333855304031e+00 1.261603799878884491e+00 3.224251060319503370e+00
-6.993249001616395066e-01 1.690738097312486587e+00 -2.980735024781292486e-01 -7.071966316196769409e-01 -1.434776087890488272e+00 1.153835805448970991e-01
2.585966585876070312e+00 8.659994696941931691e-01 -1.360211966485024848e-01 2.391909049357434203e+00 8.852602051354153678e-01 3.674186919248925154e+00
1.895080271834075070e-02 1.091887041253371438e+00 -3.659682697838692600e-01 2.854595891322280962e-02 -7.261144857424058907e-01 -2.134850547107219540e-02
1.971276536834173809e+00 7.514689173440219916e-01 -3.696498389806485152e-01 1.727258166896723512e+00 -1.940973523840363368e+00 4.111803981375086736e-01
-1.197044470233657731e-01 8.824090288907451285e-01 -1.040901661861670380e-01 -1.696823912515001975e-01 -7.855447463789446694e-01 1.205457681773649398e-01
2.815353515981950050e+00 8.473171311562091024e-01 4.401674936127492055e-01 2.802800879976854009e+00 1.302809759412204782e+00 3.234629355801946993e+00
-3.420238672288046788e-01 5.000543352636300787e-01 -2.371867095297192363e-01 2.201439484445280037e+00 4.281977888806478560e-01 4.036094565432116532e+00
-1.604955334849494486e+00 -1.034779883601132822e+00 -2.395012233180976668e+00 -1.580506298534221976e+00 -1.538052266157456049e+00 2.883529080521922139e-01
-1.047141613273151473e+00 1.515513971990257280e+00 -2.342774703745640341e-01 -1.065361742871268280e+00 -1.427528911833829461e+00 -1.318286207533424292e+00
2.786261561441798484e+00 1.583411682456554503e+00 -9.692565334969707180e-01 2.569505616716564411e+00 6.978785252236487935e-01 3.599923431936762785e+00
-1.471109472323977707e+00 8.271572121323041982e-01 -7.098497949434396936e-01 1.582498528428612383e+00 1.471802347788381926e+00 -3.259473920166265248e+00
1.583449619250873575e+00 1.155529775943316739e+00 -4.602663033325544717e-01 1.578899656249947991e+00 -1.580507072886328634e+00 6.953096985887365911e-01
-1.375629776692161244e+00 1.602417922986824728e+00 -8.579770607533256932e-01 -1.437643322330830253e+00 -1.427674010217022449e+00 -7.540047424932107001e-01
7.357242313934089784e-02 6.593680118383341560e-01 3.369058515213810834e-01 3.229170221237681382e+00 9.980270870736729361e-01 3.094043032745863009e+00
2.533892528183692705e-01 4.638960456866290660e-01 -1.206994136658651601e-01 6.557290113135931797e-01 -4.236049498473846708e-01 -6.115878858818607489e-01
-5.325338962237451401e-01 1.517717831684611385e+00 -5.126587292507073235e-01 2.532154957810932583e+00 1.090763600146949175e+00 3.453450702952842732e+00
2.873290342020074384e+00 3.116662085965782869e-01 5.035190923555757925e-01 2.780378454849681269e+00 8.483728600695900068e-01 3.386389573513734597e+00
-1.059068042604459858e+00 1.294405984592309933e+00 -1.130798074698912831e-01 2.049971017810348073e+00 1.383776629162767779e+00 1.914462774107124954e+00
-1.343061445994469860e+00 1.276692326662595356e+00 -5.850808498545875258e-01 1.717547345622539856e+00 1.396009772021748363e+00 2.437093911784137923e+00
-2.251268411141951475e-01 1.266668067539753695e+00 1.160077708981070432e-01 -2.290328402284464993e-01 -1.387475349783526379e+00 4.247293603293282593e-02
-1.564457586070534090e+00 2.552213914242447701e-01 8.033177645890419161e-01 -1.565271821296953414e+00 -1.567683363090122128e+00 -1.058535471331919053e+00
3.087817335843830779e+00 1.033040277067789781e+00 -6.065196328406441406e-01 3.012272738374349945e+00 4.296963861722439826e-01 3.259265053006307422e+00
-2.224783138169604546e-01 -3.913098016994394079e-01 7.236042457737869027e-01 -6.062096689156142304e-01 -3.975876502972314208e-01 5.687524988229868406e-01
2.185021918628518467e+00 1.595089057163642687e+00 -4.216882116215935894e-01 2.147362230021406582e+00 -1.795728426290933655e+00 1.240369333631440751e+00
-7.125961299166650997e-01 1.180801555499186639e+00 9.863745439753346389e-02 2.407640133147880057e+00 1.351693807754049015e+00 3.335199477715964811e+00
2.108447097652823843e-01 1.780954637741919866e+00 -5.297396900173452217e-01 3.363324511322752564e+00 1.258536583032540124e+00 3.072447187905968047e+00
-1.798604881266620659e+00 7.034159383646653163e-01 -1.909246721260076107e-01 1.457602821198804577e+00 1.768912610588579071e+00 -3.665353103512366317e+00
2.491132266305785770e+00 1.019647122413948281e+00 -1.710585148158697832e-01 2.349207270672698300e+00 1.016835993139442618e+00 3.631649277994194236e+00
1.856630539467707841e+00 1.321673948349579408e+00 -1.735528196163354520e-01 -1.308933303179626861e+00 1.686708983075902779e+00 4.305002195694531686e+00
-1.634009306445069365e+00 9.854853330873444284e-01 -4.378794340568042398e-01 -1.603737883052392732e+00 -1.624750418759011827e+00 -5.485020665805890872e-01
2.264055299552195366e-01 1.717592602446135430e+00 -9.030317749400902372e-01 3.448267936176091730e+00 8.383705642075810482e-01 2.932929974027838060e+00
-1.803025553238514433e+00 2.811349409547707623e-01 4.621545125109732255e-01 1.412104870305755933e+00 1.741058548819759189e+00 2.384735613489913142e+00
-2.367516685231507989e-01 1.481583083069955675e+00 -8.236819582930332562e-01 2.765771217767084789e+00 6.932030358156432426e-01 3.436263273156220155e+00
-1.249241441969090038e+00 1.551768314339954546e+00 -1.248103358292421972e-01 -1.252337562841103313e+00 -1.525476049274439916e+00 4.848941853445929873e+00
2.609271615121065313e+00 6.752655884339715531e-01 2.735749463327239450e-01 2.514429722837630443e+00 1.044874192236897592e+00 3.490551803590576263e+00
3.565981898427585395e-01 1.105083225728338059e+00 -3.778123250001596545e-01 -2.630834945072531017e+00 7.953975501002857884e-01 2.767783958662124011e+00
-4.635303698276033169e-01 6.422852420181711652e-01 -3.813590415721117566e-01 -1.094265600396696181e+00 -5.272333280668327626e-01 1.032354167345177931e+00
-1.484374613766523410e-01 1.025109682421085688e+00 -3.730235974706658242e-01 2.900013260453411235e+00 6.663619743865792922e-01 3.332902482398461430e+00
1.228185706237552965e+00 1.521310547474216346e+00 -1.145011148181564353e+00 -1.701128975291639644e+00 1.253028981317186874e+00 3.538808088658673690e+00
-1.595146589488550370e+00 1.003476692955480587e+00 4.468431388942518956e-02 -1.591899794927374323e+00 -1.582954721945364129e+00 -1.048282884644575530e+00
-2.974762829737000125e+00 -7.070253469253356959e-01 -3.206777968851398875e+00 -2.904788414886485093e+00 -7.863685683209556965e-01 -6.452040794486937791e+00
2.871001963745709151e+00 1.516871492993604909e+00 -4.373117896411020666e-01 2.836804448464814943e+00 1.098929668699993423e+00 3.283625263467909505e+00
-1.213334809085038435e+00 1.006468317188730754e+00 4.848966429192976269e-01 1.927225094597946997e+00 1.543022161956656424e+00 1.645230105570163026e+00
-2.522758261222404763e-01 1.677427495899722620e+00 -1.048941622658574380e+00 -4.131868865740515595e-01 -6.708178599060821146e-01 3.308031828829764431e-01
-1.302441259307042021e+00 9.410052933250999674e-01 8.474893915478844131e-02 -1.339853649839785943e+00 -1.432896912982289939e+00 -1.041766927516140528e+00
-1.130096810360420756e+00 9.957734586723924197e-01 4.040749571994811662e-01 2.005858760901487514e+00 1.498159817889017864e+00 1.725685283231013889e+00
2.637433164436588928e+00 4.702023487513623534e-01 -1.965142803526755133e-01 2.026414719511821172e+00 5.679755928941390142e-01 4.185867123873673101e+00
-1.471969336118874816e+00 6.948490498433701479e-01 2.112545159544191864e-01 1.648684195121890017e+00 1.509894930125463830e+00 2.233109786281386011e+00
-1.913160070155753401e+00 1.552574566276675005e+00 -7.884257329821414695e-01 1.329019132007430937e+00 1.815603987401550379e+00 2.347550811571871510e+00
-2.006397776775297181e+00 1.524355820858932065e+00 -1.020553647756778926e+00 1.349780015034895975e+00 1.949291984994806937e+00 -3.687900388437951094e+00
1.195757726473042570e+00 1.216465733955427897e+00 -2.616989317055935516e-01 1.259915490486007039e+00 -1.357533268781229818e+00 9.883025896369918017e-01
-1.903588752230379821e+00 1.770905188578499434e+00 -7.453692719494200425e-01 1.283448983107650321e+00 1.741041785326195912e+00 2.091362289229346860e+00
1.714878336798930425e+00 1.350284700644727831e+00 -7.260036272157532888e-01 1.655398793484021303e+00 -1.687557163384175052e+00 6.292345935887315722e-01
-2.988350880846715185e+00 -1.019251459381341984e+00 -2.419571928662557436e+00 -2.656452802040185635e+00 -3.333668841665420324e-01 -6.745338663697634018e+00
-1.865785628907255411e+00 2.672222159024035815e-01 8.178888522833693830e-01 -1.833307080585264037e+00 -1.706930172172087978e+00 -1.103098013278392520e+00
6.847145930102594980e-01 2.760114452834047660e-01 7.457309532652149631e-02 -1.968909399137797722e+00 7.561498744097010505e-01 2.094983623544839801e+00
1.479383212005978832e-01 1.705553127371435274e+00 4.784686517498430020e-02 1.504017081703097058e-01 -1.751381808760292813e+00 2.721092113934880583e-02
1.064491566016526836e+00 1.092512956381701761e+00 -9.281046237244126862e-02 1.134296397906597642e+00 -1.305558088502386971e+00 1.058849868265519856e+00
6.738370368020657475e-01 1.033869719047815883e+00 -3.479394892951561541e-02 7.595210630175248667e-01 -1.134241884514782361e+00 -3.817874290278297500e-01
3.138539811723243478e+00 1.583636622612522027e+00 -5.993080491070699178e-01 3.137927408295562159e+00 9.843345934004082975e-01 3.143621049921199173e+00
-2.802364635209115828e+00 -7.709928911203457469e-01 -2.993743848980160216e+00 -2.597699441485825655e+00 -6.985558661643250788e-01 -4.336905970801683829e-01
-1.632182380005673394e+00 9.285914605065154204e-01 -6.732377101686633225e-02 -1.617390549574304837e+00 -1.610768634569976099e+00 -8.622060712827760431e-01
2.985832283676778776e+00 5.023403717914858291e-01 5.965850010076851895e-01 2.967095567677310974e+00 1.105108849893927436e+00 3.220587450428046949e+00
-2.995938234464873062e+00 -7.880417569062611038e-01 -3.383415885491571906e+00 -2.972069870933013114e+00 -1.036214043363144599e+00 -8.699599448182911143e-02
-3.007279226399602323e-01 5.498217292966763869e-01 -8.174143512859557981e-02 -6.021012700126305850e-01 -5.502719273940146483e-01 5.298925358771010563e-01
-1.172077076576960142e+00 1.506083948251511373e+00 -7.372945543007874969e-01 1.855736479145958073e+00 1.287990534142174903e+00 2.331964391264105707e+00
1.387120883842316021e-01 1.784482982468507117e+00 -5.670234240539998583e-01 3.289308537984655167e+00 1.221001826852726069e+00 3.090643179276568731e+00
-1.277684437833079834e+00 1.014504181846751063e+00 2.853043971894509423e-01 1.853787203173974607e+00 1.493372621408640910e+00 1.830746375428558226e+00
-2.317409416184580184e+00 9.068365045795402368e-01 3.952156833812572323e-01 8.423775858217960044e-01 1.752114168357368662e+00 -4.512930085924686807e+00
-2.069665188539238782e-02 1.599799242413532552e+00 -3.187999760129121007e-01 -2.159712121026022974e-02 -1.281060175648354171e+00 6.171265406935340023e-03
-1.643349129906226835e+00 1.766813691238360740e+00 -5.143321050319944465e-01 -1.639713985668212803e+00 -1.593478961758932000e+00 5.029914810078654597e+00
-1.749535160879879037e+00 1.533548652188212902e+00 -9.176579327827867338e-01 1.466804437455863086e+00 1.716425632072864138e+00 2.518104452260874648e+00
-1.052223805487522368e+00 1.855376641883946576e+00 -9.237261369738807293e-01 -1.141287421193415419e+00 -1.270651825030842064e+00 -9.975936239140215100e-01
-1.930889397438727118e+00 1.526825700935951158e+00 -5.068869603235925947e-01 1.260354753003463335e+00 1.756283487923288478e+00 2.092540021061772393e+00
1.418609121094450143e-01 -3.933807851675366063e-01 7.996003616295194183e-01 3.488303293396946003e+00 4.289746006500167463e-01 2.824143678286873183e+00
1.843563793212096291e-01 8.439657035985491662e-01 1.655547139904618159e-01 3.358396921433994819e+00 1.020138387037184735e+00 3.026845841580466434e+00
-1.431358325541902898e+00 1.027529277284794595e+00 -2.266862549102041657e-01 1.671225197706429633e+00 1.473890876214124068e+00 2.335866852303488894e+00
1.170490508994746603e+00 1.139883515986802820e+00 -5.855723127568734920e-01 1.351635731628167969e+00 -1.233061197843869028e+00 5.918293601969638607e-01
3.535404637194335398e-01 1.138976083262601691e+00 3.906002787688683253e-01 3.538164649035082099e-01 -1.532130747398488646e+00 -1.427860298100315506e-02
1.561536333098337836e+00 1.645644531759534068e+00 -8.885838816624866965e-01 1.564434788919101038e+00 -1.564059824743933014e+00 7.570868341309724414e-01
-1.658093351337896149e+00 1.914970227250037516e+00 -1.046641806079862791e+00 1.504097133650186269e+00 1.627151034832879928e+00 2.271379593209129411e+00
3.012960921383830981e-01 -6.809224896276280248e-01 -3.081164908019593973e+00 4.907651752401780976e-01 6.810053454853491894e-01 -3.535104074499160198e+00
-1.204251209138286427e+00 8.296568228072347395e-01 5.934315124659789165e-01 1.933692096592761311e+00 1.518018136194018819e+00 1.708829113864924754e+00
-1.996105005211236350e+00 1.010465975986356568e+00 -4.759314403884474243e-01 -1.797583482593195114e+00 -1.933753855105932340e+00 -5.763309261441741382e-01
6.577100294277087311e-01 1.412697016923815108e+00 -9.718135071092226518e-02 6.737159367295226797e-01 -1.369599856693499706e+00 -1.582075231955148986e-01
6.780721367002980893e-01 1.025248529776471518e+00 1.995132789077881108e-01 7.081057060957407501e-01 -1.303483732319255184e+00 -2.224285394618666090e-01
2.998735253543835633e+00 1.195280751352996829e+00 -2.387830659736036032e-01 2.967364878704253695e+00 9.636695722396283470e-01 3.241672795700840659e+00
-1.854250040325649218e+00 1.315226105349478036e+00 -4.538148911908298500e-01 1.353268023578152679e+00 1.753982937798337360e+00 2.260115682914828117e+00
-2.049213109329896199e+00 5.532794573903380142e-01 4.402213355960126195e-01 1.160862147610737471e+00 1.824767912295926386e+00 2.095023363965724972e+00
2.696370104936382628e+00 1.808211213052870914e+00 -7.483646754564258208e-01 2.641026194692674967e+00 1.113710822251507526e+00 3.378483975008116147e+00
-4.836368202718235865e-01 3.662488564019031889e-01 8.044457515616469934e-01 2.623319935980373607e+00 1.218743842943004418e+00 3.335760322609517381e+00
2.141239891674231455e-01 6.499237467905651933e-01 -3.948153433841721793e-01 -2.430131958121163560e+00 3.315508611232201308e-01 2.457697927763022872e+00
-3.076312239811835436e+00 -1.003466945916758002e+00 -3.233342359652927822e+00 -3.068165362350657066e+00 -1.096315819539311232e+00 -6.316787281533319920e+00
-2.290147360132862797e+00 8.077282261794377360e-01 2.692025636412757050e-01 9.138303608217889229e-01 1.888444319504890778e+00 -4.327604657696673129e+00
1.650732204880867859e-01 -9.028678684636172180e-01 -2.295507768353624911e+00 -1.898891465963804537e+00 -1.744828116886018854e-01 -1.238002242203763092e+00
-3.456450428639936678e-01 -1.099499999999999922e+00 -2.375939559388621003e+00 -8.324229283105631927e-01 4.758790964694468717e-01 -2.367990569660030964e+00
1.616324890991573282e+00 7.850397048731501126e-01 -2.195101154375420360e-01 -1.546389717930902297e+00 1.609227037268080585e+00 3.707599085322727639e+00
-1.664984840432851110e+00 7.175561077928250819e-01 -5.343661675357127550e-01 -1.588002373656073996e+00 -1.663398759490180456e+00 -1.839937609154185527e-01
-1.240004388105035993e+00 8.933418972493224475e-01 -3.753189278710819532e-01 -1.402355331723554199e+00 -1.284727414903068077e+00 -5.423463222791710114e-01
-1.690739619005879435e+00 1.335275802228531816e+00 -2.236235952066666435e-02 1.454785850328408126e+00 1.601311853373523997e+00 1.826899643347734248e+00
-1.544665842618660578e+00 4.752007798809096406e-01 4.331773833435691445e-01 -1.550192438658395400e+00 -1.554731504873114734e+00 -9.085446202346139088e-01
-1.782241744620431945e+00 -7.392899103905116176e-01 -2.702708208996747352e+00 -1.634234727598888215e+00 -1.368949232071159150e+00 -5.976345843744439001e+00
4.468189135311760873e-01 -1.049597190429225391e+00 -2.898310383706562465e+00 -2.555506609664658146e+00 -8.966722139064856600e-01 -3.928758583797705151e-01
1.618418719527525695e+00 1.870495610698580835e+00 -5.649172931990088520e-01 1.616753763936320087e+00 -1.583268919526404916e+00 1.305871534999090811e+00
-1.223817104617705986e+00 1.358183919151232821e+00 -8.904187265592629075e-01 -1.409166372929269162e+00 -1.262397282758935146e+00 -4.929467991724935105e-01
-1.273908464875256108e+00 1.356010029192434851e+00 8.270736531851928530e-02 1.865249766565500789e+00 1.532257086789104328e+00 1.697152871637270355e+00
-1.223331595223512203e+00 1.044139385108053153e+00 3.126560158201792394e-02 1.879253251304060734e+00 1.408205735798561342e+00 2.040849198406720078e+00
1.792760618815876228e+00 1.448184951719067692e+00 -1.356259961497516819e+00 1.591510212673739932e+00 -1.791801528740660787e+00 9.422513169786396470e-02
-9.632971062687435415e-01 1.846678374454290283e-01 6.310068044051165836e-01 2.039402766835938685e+00 1.168826163888120773e+00 2.228756693610275619e+00
4.178529913252578831e-01 1.287145995725096803e+00 -7.008801235268427021e-01 6.763037312419819536e-01 -7.054142704965908894e-01 -5.484904964072455646e-01
-3.205179635904924496e-01 6.677428995403699163e-01 -3.979037490303450331e-01 2.247247984219900907e+00 4.159577999962952854e-01 -2.291126575686372568e+00
-1.243879437928793630e+00 1.125130773215952340e+00 -7.186344096785274305e-02 -1.284234526330702675e+00 -1.411251592428223844e+00 -1.076325096431532957e+00
-2.035461185223843117e+00 1.686575142976934449e+00 -5.074498773238790283e-01 -2.004665189526822378e+00 -1.742697471558135369e+00 -1.217109695646934053e+00
-6.496143751059864080e-01 1.330363674152466480e+00 -1.356106851168622368e-02 2.476209447091475280e+00 1.369346132060811794e+00 3.297342146172909327e+00
-5.709291644012615130e-01 1.037916346807726375e+00 -4.613925786642434496e-02 -6.545300164457783509e-01 -1.092329303440955135e+00 3.396271585436438922e-01
4.208747870205339359e-01 -1.089546776420200702e+00 -2.514628617538746003e+00 -2.354625948369048150e+00 -6.149417531497279876e-01 -6.864428895366402328e-01
2.006469796892866420e+00 1.084630514503649890e+00 -1.065063051128950056e+00 1.579906728475123590e+00 -2.006375077476332258e+00 2.158804691289752109e-02
-1.136534023855549469e+00 3.360768804777463648e-01 1.461746592457300112e-03 -1.418376597786003446e+00 -1.162547276247015926e+00 -3.691665546895144812e-01
1.377326715379359579e+00 1.615765929486739638e-01 3.482365629501554816e-01 1.475466356323627659e+00 -1.402178708308315924e+00 5.178851176840532089e-01
2.510952848664043557e+00 1.586049937737666227e+00 -6.622979541055328268e-01 2.400529290448679909e+00 1.062286237759838103e+00 3.560705711469715151e+00
1.412903088092606341e+00 9.763496748130832126e-01 -8.526218441192752184e-01 -1.590446859591532869e+00 1.414114385167357657e+00 3.266868442270843609e+00
4.400283544589849577e-02 4.890436282114642430e-01 1.761895577994924966e-01 7.112731198893441908e-02 -6.664647474076418332e-01 -5.592731827023047358e-02
-1.299069241708509237e-01 7.459902416498208622e-01 4.589000566012457760e-01 3.002615145535414864e+00 1.208128610964024352e+00 3.191170330355004303e+00
1.699136557139015791e+00 1.052679941129185837e+00 -4.924746089103770319e-01 -1.502332742128612120e+00 1.679428860907284049e+00 3.705528609301393939e+00
-1.627756756862486887e+00 9.112547600138358739e-01 -4.865884941093056026e-01 1.547308375022421911e+00 1.622687147362868787e+00 2.716310196567269131e+00
-1.419198311715881289e+00 -6.572581201183035349e-01 -2.734250354379863523e+00 -1.533030193218684722e+00 -1.717656105746945938e+00 2.526862684257613623e-01
5.427804065599707295e-01 5.509605759633037225e-01 -2.783873976288450680e-01 -1.990491038288475067e+00 6.011890488552953382e-01 2.066772770867689957e+00
-1.652331002360305723e+00 6.980289183252346152e-01 -4.645488278021282502e-01 1.551893878469624788e+00 1.650108663002296971e+00 2.907355842804985713e+00
-1.547375973536657900e+00 1.494552149856927636e+00 -3.388212159110096100e-01 1.592231621289616372e+00 1.561347822618800896e+00 1.985753358769442256e+00
1.597739379114867075e+00 4.790192292908952432e-01 1.928905539298889915e-01 1.587567627784358226e+00 -1.591877241811847643e+00 6.720920462388906280e-01
-1.426561674338271857e+00 7.072666168594346492e-02 6.085930655332600914e-01 -1.479793577484364908e+00 -1.458741847682997639e+00 -6.844390492911450741e-01
-1.083990566461287663e+00 1.904144172431352589e+00 -8.527909433358104030e-01 2.001506809515860574e+00 1.336436520652857896e+00 2.038744906485141062e+00
1.136366289490773895e-01 1.141665258549616979e+00 -3.258665199795764411e-01 3.297030475934315419e+00 8.218557955489328437e-01 3.035304126013427251e+00
-2.030021396440684800e+00 1.823957356128839580e+00 -1.191948784913149373e+00 1.286578999239240684e+00 1.936524814999383448e+00 -3.826509978972127968e+00
-3.096100079797171833e+00 -7.593772010045047871e-01 -2.934741988740873886e+00 -3.054955363059361328e+00 -5.542014903869074693e-01 -7.373492530073905149e-02
-1.899478842880105489e+00 8.405146541904070512e-01 3.383388715826759346e-02 -1.826691554670420325e+00 -1.779372275215159949e+00 -9.012857460477176064e-01
-3.489047939150280442e-01 4.619206008292414123e-01 -1.336990656138308531e-01 2.295765583864941561e+00 4.743662713508282613e-01 -2.354122093965033358e+00
3.045459848539193715e+00 6.853183265043214512e-01 1.161552820245863038e-01 3.008161140301360170e+00 8.059402890333683400e-01 3.234270547276908214e+00
2.500195935351687382e+00 6.812765694911682157e-01 -3.994812943937383065e-01 1.927335373132815333e+00 6.924916092512192201e-01 4.261693144113540832e+00
-1.361093242308771156e+00 1.299090253707690712e+00 2.991827146375953816e-01 1.780426879216692626e+00 1.576511077242947367e+00 1.543918202342479784e+00
-1.609304508024520963e+00 7.036267932294142380e-01 3.115318926924793286e-01 -1.603518446140473674e+00 -1.591109744756255218e+00 -1.015487974802441684e+00
-1.077452529935282399e+00 2.578027025037175901e-02 5.220151487381432531e-01 -1.297742772356679675e+00 -1.154613174962016986e+00 -6.058102703545397150e-01
-1.308977876287424236e+00 6.967182311385684557e-01 1.956554081038855142e-01 -1.365121181002204143e+00 -1.407639551749715556e+00 -9.092422950435603557e-01
-2.408294252611306585e-01 8.302399891877363380e-01 5.935843425152806940e-01 2.898244086590711088e+00 1.428107558696257051e+00 3.176884048968919849e+00
3.781446334880081417e-01 3.806816427306387585e-01 3.568327549971821444e-01 -2.607925051210470357e+00 8.122637704595154773e-01 2.755553526894279681e+00
-1.129649440239928637e+00 1.628480054197160687e+00 -9.261613071666250363e-01 -1.274741170706257920e+00 -1.238803982971555806e+00 -7.522695461232824510e-01
-1.917025392313720600e+00 6.797945727702156549e-02 6.499424444893541208e-01 1.337797728588594026e+00 1.829252487216940448e+00 2.393268960646155907e+00
-2.275603767811039901e+00 1.136493589126152504e+00 2.925758943952645463e-01 8.709595661156301905e-01 1.662433639986111489e+00 -4.604129460215372838e+00
1.329595489206247372e+00 1.561179618879371178e+00 -4.244708913975084319e-01 1.351215344952178432e+00 -1.470158826367046423e+00 1.147818068803730052e+00
1.497964652460346713e+00 1.539667946395874232e+00 -1.276803770771020918e+00 1.551838818547967902e+00 -1.500464287358261206e+00 2.635333692556434682e-01
-1.257299003318642638e-01 1.530665002583445178e+00 -2.530036625341403611e-01 3.010334387181417437e+00 1.280037386092182317e+00 3.179418447245165424e+00
2.712632474092847357e+00 6.815372933789417553e-01 -4.078041868693828009e-01 2.104702433579874743e+00 5.042441331078704181e-01 4.118499019607394729e+00
-1.916434921586971152e+00 5.596807767565586955e-01 -2.936449497372026207e-01 -1.665189645264162799e+00 -1.903789948855353353e+00 -2.819191391726488249e-01
-1.962571724097306403e+00 3.457650417315095148e-01 -5.431496872060316387e-03 1.433753147027956310e+00 1.938983552095794760e+00 2.775693668760550903e+00
6.607237222918462827e-01 1.448933509111674400e+00 -5.645261090394627229e-02 6.684866589145523896e-01 -1.430289524325848216e+00 -1.101620529056417386e-01
-1.505088630998310251e+00 7.185107612794224829e-01 -1.909940776333118040e-01 1.603912139761748401e+00 1.514026807904900851e+00 2.613128563478945843e+00
-1.226591636476138447e+00 5.052040465986012974e-01 1.339887755886516318e-01 1.781477973832674699e+00 1.296540076099218730e+00 2.473213732234353923e+00
-1.048901772511978969e-01 1.684110388392102031e+00 -9.056099938221018331e-01 2.992783438136227048e+00 7.840586867101481117e-01 3.247345307785164614e+00
1.491660483924411418e+00 9.939455362876576938e-01 -5.685436694600649599e-01 1.538078054044081266e+00 -1.498721334620717771e+00 4.265878836884651748e-01
-2.290447856337959109e+00 5.704226971157280168e-01 4.173456830355211089e-01 9.391396969325520594e-01 1.942152572963859791e+00 -4.251966091246312196e+00
-2.062120973894902232e+00 9.254646563522281877e-01 3.794820236335154640e-01 -2.047390971204658072e+00 -1.695064550457006547e+00 -1.335171621567543099e+00
2.103927367610330723e+00 1.486715855881818982e+00 -8.378923919440757206e-01 1.913329328598030399e+00 -1.987721596724979056e+00 7.219724996388530158e-01
2.910588668545907698e+00 3.751082212381079417e-01 1.255832017377653542e-01 2.685878171569483275e+00 5.472659501562887607e-01 3.537988545942249985e+00
1.206947014263640261e+00 1.679327439830652802e+00 -1.140730886127817367e+00 1.377895129289305354e+00 -1.260334977279230495e+00 5.688785082482772371e-01
1.273443691491233709e+00 1.487313779410638359e-01 2.853378246118451478e-01 1.442618479565258571e+00 -1.301739257124832072e+00 4.514472829353148864e-01
1.604958134223179733e-01 1.324069892285020922e+00 -6.087879708687347069e-01 3.383609556992495992e+00 7.299479652892318926e-01 2.959665980182609957e+00
-1.028366505722694724e+00 6.333660751199141625e-01 3.705872441687185215e-01 2.041198609150981724e+00 1.289918658513796501e+00 2.069911390158442277e+00
-1.466954778557987726e+00 1.514436492333762985e+00 -6.955766209942310097e-01 -1.494823445213074198e+00 -1.499929686309461552e+00 -8.215601682775705017e-01
-1.942116969747170296e+00 1.537292702923174659e+00 -7.083690134674500150e-02 -1.940274562033367456e+00 -1.608589219077685151e+00 -1.473526727207830289e+00
2.674080251057817215e+00 7.090953374623181205e-01 -4.619120198827618706e-01 2.022012471619373031e+00 5.245301509002154861e-01 4.202031306522068022e+00
-3.972339753481328173e-01 1.145220289973670535e+00 -5.110622272778232444e-01 -6.161569584343226103e-01 -7.334834554783628002e-01 4.842540942214166311e-01
1.996859253230596654e+00 1.354069379841601029e+00 -1.539424932326483864e-01 1.971005325600358571e+00 -1.721063333227542458e+00 1.230667381715230713e+00
-4.083067746423572064e-01 7.953680877987869824e-01 -2.386320823865923924e-01 -6.860984773069729314e-01 -6.774148258137199230e-01 5.678976734304375107e-01
-4.450850496222679559e-02 7.770425686398986231e-01 -5.266226920144124329e-02 -6.712646860142040817e-02 -7.254926515288695477e-01 5.025895057874413263e-02
2.897054905305226136e+00 1.597560461867249870e+00 -1.275601128159582265e+00 2.473876847554567160e+00 4.017053487469216533e-01 3.769405603624013779e+00
1.808007794101051668e-01 3.780060609609671718e-01 3.113686066261333596e-01 3.421360035403609334e+00 7.089232568453176508e-01 2.926887544538302244e+00
1.614646823252874119e+00 1.738423949778656441e+00 -6.460727088909452576e-01 1.609726202366637660e+00 -1.590974080733586593e+00 1.092750302239693383e+00
-5.310820191408163193e-01 1.855910254873635701e+00 -3.240461409094823608e-01 2.610181203061935573e+00 1.537229927046006583e+00 3.161314414956927887e+00
1.502394668119363619e+00 1.879422423052636182e+00 -7.558478119030288545e-01 1.509101496474469117e+00 -1.541228588764897323e+00 1.124492423834646093e+00
-1.356444134012274372e+00 1.420600723438870006e+00 1.828790465233924023e-01 -1.356549380250192893e+00 -1.577743866059278188e+00 -1.602738067125106136e+00
1.306297211936864544e+00 4.147307911391226454e-01 1.293199088337241842e-01 1.431502880722491211e+00 -1.345202268166540982e+00 5.598662196961557980e-01
2.786158947526014895e+00 1.770891856537798237e+00 -1.381240671856109214e+00 2.367745742102036921e+00 5.211974831193123547e-01 3.844584216854640246e+00
1.882256226182974501e+00 2.315262179675576237e-01 1.277478749828368232e-01 1.683509596800145669e+00 -1.861762288961598566e+00 3.758134723029365465e-01
2.087795583800714228e-01 1.476853281718696786e+00 -6.004593664646099560e-01 3.410613914199673413e+00 8.943477459256299333e-01 2.970679456740931812e+00
-5.300708564069931406e-01 1.695432509165862855e+00 -2.249953985830173697e-01 -5.322763473813262314e-01 -1.484244994067408951e+00 5.087211562761029954e-02
-1.209161689928024142e-01 6.817828123785913963e-01 -4.811906117114428949e-01 2.594300681923012331e+00 2.337991420457938840e-01 3.676702308801527597e+00
-2.160569306128050204e+00 1.641812646246015639e+00 -4.015598116714191868e-01 1.006465538051114939e+00 1.752292463472616690e+00 -4.434602395796185981e+00
-1.174527533054104511e+00 1.640803173902147138e+00 -1.330507144748887538e-01 -1.175238229926117484e+00 -1.546478338425351318e+00 -1.512619877690314141e+00
-1.097878590565243728e+00 6.638678926225090038e-01 6.647772221046245322e-01 -1.109777565428273327e+00 -1.461366178087889267e+00 -1.354362291741090019e+00
2.790463993776542306e+00 1.105206468529276620e+00 -7.021266366231357914e-01 2.390441985034474914e+00 5.281686315621216821e-01 3.820288768536665991e+00
-2.179273595746860526e+00 2.797787368604667257e-01 4.557580490072457580e-01 1.133539416534532274e+00 2.007099999999999884e+00 -3.975866885339357282e+00
-2.061023168682060147e-01 3.034994599047903252e-01 8.181691737297971945e-02 2.634120109950014665e+00 4.345342686546834199e-01 3.608723148475400322e+00
-1.269506762233145292e+00 5.210058017899918958e-01 4.458910146412061737e-01 1.821214401537049943e+00 1.401469987851588828e+00 2.153336369861407640e+00
2.823070387584687868e+00 1.417262429573300286e+00 -9.060516656988129025e-01 2.548549079417780749e+00 5.947614836691214046e-01 3.650738006953474724e+00
3.121646218183333765e+00 7.168716332508734412e-01 7.908228795046054471e-02 3.113672831480390979e+00 7.961540880598482195e-01 3.161126019908174989e+00
1.146606997804761718e+00 1.536581345176385005e+00 -9.094712720896627189e-01 -1.829842226069055888e+00 1.231032029222319357e+00 3.813375920515911233e+00
-1.699071851293141977e+00 6.327734000881353182e-01 2.817815628991325871e-01 1.468959267549665437e+00 1.648922895253144505e+00 2.223050277089157589e+00
-1.134706417830574354e+00 1.451482932238475021e+00 -3.644235456073241508e-01 1.962075101257733323e+00 1.373054337502372491e+00 2.015215723201177145e+00
-1.899612734835488981e+00 9.684703559861982392e-01 1.456487905435565333e-01 -1.867964570194129426e+00 -1.713674701129323408e+00 -1.135548648996912435e+00
-1.158462681290144181e+00 2.631094664902330349e-01 4.433187507228124602e-01 1.847431127625101421e+00 1.261023341860566083e+00 2.391715532860761773e+00
-1.158041913747971163e+00 1.602226902752994731e+00 -4.708357504451956554e-01 1.948122987103227510e+00 1.399311644870215865e+00 1.977375414959786637e+00
2.825698581373423668e-01 -7.952025231288589735e-01 -2.855415057888913921e+00 5.372202553699719774e-01 5.761085361704446628e-01 -3.604843524220831430e+00
6.420277936315299527e-01 5.417645820202916518e-01 -2.543094535671642231e-01 -1.933166083417591663e+00 6.950499947772323939e-01 2.029339214195267971e+00
-1.152713090325280521e-01 1.202655220423286986e+00 -1.593536138897420074e-01 -1.332081321880599634e-01 -1.047158748727172073e+00 6.690612738644231838e-02
3.222331050530015117e-01 1.285619148950254642e+00 1.501860001497127284e-01 3.249901451165166377e-01 -1.442790920905620000e+00 -4.298698912502658259e-02
-2.073498193255042477e+00 1.361457052173029814e+00 -6.040690263698635931e-01 1.209624981129906907e+00 1.928454402973319937e+00 2.318216178547594986e+00
4.401600387254060998e-01 -9.892776192634934462e-01 -2.732615443699729418e+00 7.096631347112949406e-01 7.127236627567792304e-01 -3.717869547908440264e+00
-1.297622478603933205e+00 1.408516020245268230e+00 -2.289736795496765953e-01 -1.317364394559297658e+00 -1.467733439515467309e+00 -1.192677133381353505e+00
-3.513605027871508080e-02 1.082773284717106099e+00 2.472204839217460870e-01 -3.617929189346999475e-02 -1.330144686183085456e+00 8.626508243420906441e-03
-1.787270756724098630e+00 1.776177633971103065e+00 -9.544226788177382348e-01 -1.730481721359923730e+00 -1.717572709554376464e+00 -8.335251375329498780e-01
1.280836670683505263e+00 1.489895280218003881e+00 -1.032335067763455516e+00 1.439747906385506759e+00 -1.311399883285661039e+00 4.746728583243727817e-01
-2.217297777799245306e+00 7.916787553901949437e-01 1.338890779489721461e-01 1.028188811438007777e+00 1.941492414857659554e+00 2.111799788199050010e+00
1.934558756174675098e+00 3.948395708642859492e-01 1.762627716593112223e-02 1.722243237126696469e+00 -1.902812205975564330e+00 4.378968010766314811e-01
1.877117193004653073e+00 1.329971160624584980e+00 -5.358444651384264290e-01 -1.348925466862528122e+00 1.783756416083172480e+00 3.959538113992559172e+00
1.793364156584064784e+00 6.111170927350839666e-01 2.464390720420190084e-01 1.740304006829199057e+00 -1.715721961141271956e+00 8.698953159482001318e-01
1.482058237447261950e+00 1.492443714800114618e+00 -7.214723052236916567e-01 1.508874294870586219e+00 -1.507185540512666844e+00 7.729478988998012001e-01
4.461164584335343686e-01 2.260061619654200049e-01 7.987343881523735201e-01 5.102144531269301453e-01 -1.083224925881959955e+00 -2.564101060528557463e-01
-1.135470096365407855e+00 7.492239956645313503e-01 -5.251208968351795958e-01 1.673797401864666412e+00 1.147064844838310282e+00 2.895306875811695324e+00
-6.085785761494080237e-01 8.175064279865398298e-01 4.117687067043546145e-01 -6.367805317024515244e-01 -1.292409383362340902e+00 2.005033325826645618e-01
5.923051438882266373e-01 8.713366074465510591e-01 1.797281511140055577e-01 -2.482102564664855571e+00 1.146095588864342041e+00 2.832380624142495584e+00
-1.294891566776745995e+00 -6.021040989694886880e-02 7.396715818964391120e-01 -1.394723710347604451e+00 -1.357247816332423529e+00 -6.983778152461022071e-01
-1.269888884456968681e+00 1.350077275510106034e+00 2.152430278851484025e-01 -1.269896226275401885e+00 -1.569176555031146725e+00 -1.565561031406343506e+00
3.285339951301552985e-01 4.731362499568636526e-01 -8.762834062357637011e-02 7.362932503211604418e-01 -5.011144653046679664e-01 -6.716116407953572898e-01
-1.977849253932870421e-01 4.713753649941596069e-01 -1.213944700057098397e-01 -5.291058680435389849e-01 -3.999859946752636897e-01 4.940257337596359322e-01
5.010776339134767055e-01 6.951647473648221442e-01 -4.570277597454596163e-01 -1.977405793085009078e+00 5.504028003963792326e-01 2.038620024554092414e+00
-1.345203335094612207e+00 5.424986636531572426e-01 4.846723985647877764e-01 -1.376845073699731081e+00 -1.454842375386400377e+00 -1.038473565797559228e+00
1.920525358499874713e+00 1.446060154040602175e+00 -6.526813567855037634e-01 1.825115560048433228e+00 -1.813509738887842948e+00 8.245673735321299436e-01
1.316141802472377886e+00 1.636592027648315684e+00 -5.197523381678622600e-01 1.340983521126129396e+00 -1.460097422438647152e+00 1.129634932538122749e+00
-1.421406711916097354e+00 1.069354930535855619e+00 -2.946049129662087207e-01 1.675702292045706310e+00 1.464234019686973864e+00 2.361235597443210210e+00
4.049913794041740123e-01 1.600606344855262986e+00 -3.066690303752321878e-01 4.192428379839452934e-01 -1.316848928676116470e+00 -1.115006359736637614e-01
