-9.055297071736427561e-02 1.036991843130822266e+00 -8.972508710899179674e-01 2.564230648434363768e+00 1.663560389215644753e-01 3.712613369278741526e+00
-1.721350356440747298e+00 5.337127132372381233e-01 -3.525654071280169277e-01 -1.598119280821849619e+00 -1.718863047558349511e+00 -1.831815698496913059e-01
-1.829588122058529942e+00 6.094995796948642353e-01 -1.307482421049062093e-01 1.449442245958475040e+00 1.799931726203558124e+00 2.648852291480073617e+00
-2.167775721993040472e-01 7.144826307775178353e-01 -5.352690369739557807e-01 -8.905721464694207334e-01 -2.803632940398714246e-01 8.710186028833050154e-01
3.132548680916440453e+00 1.756549875609227707e+00 -2.125913603947688912e+00 2.505334205785007817e-02 3.694661292722926094e-01 -2.336379827475989004e-02
-1.683564178061195182e+00 9.997361302961372820e-01 -2.292781404761920605e+00 -1.462317378921913269e+00 -1.601649492962165633e+00 -4.988459421102227509e+00
2.938653271334460637e+00 6.252174320447769773e-01 -8.316077089506708209e-01 7.876075374201965129e-01 2.884288280428835005e-01 5.516666907669382169e+00
-1.495794435957062518e+00 6.024367793447927832e-01 -2.147232743411901790e-01 1.599202427289255546e+00 1.501365620221405850e+00 2.752884627368016979e+00
-2.835109873084848964e-01 7.457876557609414148e-01 -3.473878543164549138e-01 2.497536400085583086e+00 4.845446158081072041e-01 3.728044834942404240e+00
3.012705365678403968e+00 1.598629197905695909e+00 -1.979852351310372738e+00 3.351705610760631338e-01 4.014104082802296136e-01 -3.102681495611668838e-01
-7.745047018860756749e-02 7.979967048007516883e-01 -4.949112066384085407e-01 2.887489477321679043e+00 3.125318368994887130e-01 3.383863251394461091e+00
-1.674563341827095986e+00 4.210569206858556512e-01 1.005519328033453175e-01 -1.622638916192380210e+00 -1.660719090663283826e+00 -5.239484594605490209e-01
-1.227082004245676927e+00 9.593465448146443197e-01 -1.002864411803447764e+00 -1.586361109221961163e+00 -1.227414933294648014e+00 4.621158235236596384e-02
1.201106643149162601e+00 8.549884532000434634e-01 -7.790625033169790159e-01 -1.600188476757892886e+00 1.202217573931634309e+00 3.223004723516003978e+00
-4.826565848213701937e-01 4.629249420829282813e-01 -1.038771432228379199e+00 7.661511029086878199e-01 7.333827156430365868e-01 -6.206274577383215085e-01
-2.349448330486562930e-02 1.147256490335903656e-01 -5.384092496123550342e-01 3.198519387385575286e+00 -4.242964420049829544e-01 3.089717369809548586e+00
-1.876020029592122773e+00 7.768211150671304743e-01 -8.737278554193687041e-01 -1.540322672552457028e+00 -1.874536478865266975e+00 1.015657270488175418e-01
-1.564358180453386815e-01 1.392219529193958749e-01 1.578954078776679260e-01 -4.939407217475026424e-01 -3.347035045374606166e-01 4.704826431835683609e-01
-4.416970740631687709e-01 3.790309836335868376e-01 -2.916955422384217567e-01 -1.388266484747439966e+00 -4.496893756448715473e-01 1.368647757360335282e+00
-3.007286439684629720e+00 -7.920875417375103922e-01 -2.571042519599227028e+00 -2.590013758947244948e+00 -2.584959177630217764e-01 -5.366178867827114951e-01
1.234423639818530871e+00 1.051432937270450951e+00 -1.132835642001628340e+00 1.599216785831705012e+00 -1.235575245699175984e+00 -8.620762236726955963e-02
-1.995340793698668236e+00 4.735720843890232623e-01 -3.383029475216748905e-01 1.509907085617044675e+00 1.991210518048634803e+00 2.993319631835511085e+00
7.036932951951441195e-02 4.315239885402710751e-01 1.656579915090785060e-01 1.245823340047593208e-01 -6.008124806476923263e-01 -1.029178710013211040e-01
-1.424014127040761135e+00 5.210747541983480335e-01 8.590655481616102374e-02 -1.486660960838210643e+00 -1.450371016871654151e+00 -6.120630072560840906e-01
-1.121781864259755901e+00 9.905446376876139158e-01 -2.079512276256811898e+00 -1.974347470344777866e+00 -1.368258121001124206e+00 -5.152647535329844430e+00
-1.608483595500640462e+00 1.897749142864589844e+00 -2.663772668073000727e+00 -1.544664776930410488e+00 -1.597947064178634191e+00 -5.516799140647240307e+00
-5.608241969198379806e-02 4.024079701985481261e-01 -2.505079938902509684e-01 2.786869534483872979e+00 1.618486816993702226e-01 3.492047512282105082e+00
-3.645759452356423739e-03 4.098044118239759226e-01 -1.629415655024987752e-02 3.131864855412450854e+00 3.935261471293062252e-01 3.150592157671695759e+00
2.203530959459152824e-02 7.530756824181468190e-01 -1.059700493343643135e+00 -7.284811741166451193e-02 3.073974001119677002e-01 6.944307966211364647e-02
-1.791285760207345312e+00 -3.268596474404824800e-03 2.308310298563572560e-01 1.520274727303016826e+00 1.785506220997135518e+00 2.908579040521408476e+00
1.843780124781287055e+00 1.259831690961967343e+00 -2.081099965107424676e+00 -1.772940424092609213e+00 1.755532719366279970e+00 2.301540371531396456e+00
1.312325796535604772e+00 5.842012496062257698e-01 -2.995844861133085124e-01 1.496688613988697902e+00 -1.322943028267184351e+00 2.938605266596320265e-01
-1.230148316449778845e+00 8.185368885514814410e-03 -1.312218535868505363e-03 1.573242945309427432e+00 1.230152270498851452e+00 3.134288537121348472e+00
1.338207420294331929e+00 4.349396891778848917e-01 -4.639629027012511786e-01 1.577664133629676169e+00 -1.338302146884758237e+00 -2.981769202904368393e-02
-1.308246944833541869e+00 1.861149089721172434e+00 -2.831548997286258196e+00 -1.789021513948043873e+00 -1.423628258245383638e+00 -5.296627775588024889e+00
3.043121142591767025e+00 8.545739953453564963e-01 -6.148760520842972976e-01 2.747566003965374648e+00 2.587786933766126340e-01 3.523751963783259278e+00
1.247367777850596049e+00 6.990825041603927481e-01 -4.513583538689254215e-01 1.488782533251886031e+00 -1.257578652845330991e+00 2.606896460739099308e-01
1.982635849675043138e+00 5.759554217694625722e-01 -7.523961824550635669e-01 -1.647316951299833798e+00 1.975859111888098152e+00 2.949437610620390782e+00
-1.960945773201256737e+00 3.995363907761583788e-01 -3.068153760214863968e-01 1.532735867643745031e+00 1.959175270530461477e+00 3.041377030982677088e+00
-1.920589433363611431e-01 6.727399364861627040e-01 -6.347839866869711134e-01 1.763254363098059274e+00 1.957284668519485571e-01 -1.766911396962108860e+00
-2.190061527505468231e+00 1.897198026165346274e+00 -2.932650822012808245e+00 -1.020816462153004034e+00 -1.871397282324939404e+00 -5.162319652383739133e+00
-1.289129260391129517e+00 9.374620457630788994e-01 -1.097627774460765870e+00 1.524684865417035518e+00 1.292824676762131419e+00 3.308205712770795337e+00
-1.652750159414295927e+00 1.894658820513197561e+00 -3.182263824942841435e+00 -1.492095682406039847e+00 -1.593667522791221147e+00 -4.994673285817601283e+00
-5.263847697866088637e-01 2.565582226083348294e-01 -5.997671610013901589e-01 1.045822114657921853e+00 6.194456457154527973e-01 -9.524966680748674364e-01
1.887667653474668583e+00 5.677685065157106470e-01 -8.096202609409588469e-01 -1.649171165538300121e+00 1.878133411439144806e+00 2.887600867137481320e+00
-2.973171566264184662e+00 -7.964263357294169010e-01 -2.236810232247978814e+00 -1.004519088626099510e+00 -1.999866526174441383e-01 -2.146229185540006412e+00
-2.993320909417835018e+00 -6.002283738644459410e-01 -2.659282216140922639e+00 -2.237615655113382562e+00 -1.891743579932501917e-01 -8.952083604348388679e-01
-2.032666261963996246e-01 1.264827825464221123e+00 -1.160409138649873606e+00 -1.102499397067499887e+00 -2.281877338889075624e-01 1.091840937042920956e+00
-5.815635783156597460e-01 2.803679294020067214e-01 -5.344092134458413440e-02 -1.240981230592981266e+00 -6.194782160732391629e-01 1.172804290472312161e+00
-1.729848606899949237e+00 7.957690584516602383e-01 -4.634367273893649775e-01 -1.623080793507855280e+00 -1.721072219080569843e+00 -3.362761796966295957e-01
3.014346572443578065e+00 1.541061452984552549e+00 -2.223053981680502389e+00 2.002523372972081217e-01 6.918875798138116595e-01 -1.550446777203169091e-01
-1.786914564517465109e+00 1.320155718931818045e+00 -2.019967474724225109e+00 -1.430323243412760625e+00 -1.735572978675557820e+00 -5.571751125234346347e+00
-1.666670767148521026e+00 5.048811109507060912e-01 1.184003058587843049e-01 1.514722945225183581e+00 1.648597589151771459e+00 2.516121896197924368e+00
1.493674345898613254e+00 4.676337774021227522e-01 -8.548057472805173918e-01 -1.541630312546744763e+00 1.499386800477509496e+00 2.753384141363910853e+00
2.652447548612403908e-02 2.403018348175673183e-02 1.096565263219536623e-01 1.958893421331859008e-01 -1.362776132479743274e-01 -1.941140611191935206e-01
-1.861547145318750651e+00 4.094002957680119015e-01 2.001805400472273788e-01 -1.740465881336575427e+00 -1.808049333565552086e+00 -6.298574539551526907e-01
-2.330457349461361460e-01 2.105757221143810809e-01 3.973661357143242201e-01 -3.937577173532776920e-01 -6.457742613399728437e-01 3.203557818148426994e-01
-2.494758082160370982e-01 8.335474978025130266e-01 -6.682155086099567098e-01 -9.971018459037410686e-01 -2.983333061962116228e-01 9.763250156465431706e-01
-1.285880222910838366e+00 1.793687603643485395e-01 -7.774784914001851011e-01 1.407354612519070569e+00 1.336366133719731675e+00 3.758984142277752127e+00
-1.295947454105159657e+00 9.991674221297238701e-01 -6.906611709082710604e-01 -1.485378135283751844e+00 -1.309231129452934628e+00 -3.197547777762979604e-01
-1.625130888393707451e+00 7.664968409124903737e-01 -7.347610150561614262e-01 -1.572520634799153827e+00 -1.625097765517949044e+00 -3.178829023458840108e-02
-1.367267249229039139e-01 5.386435825695146118e-01 -8.748152663594138678e-02 2.836085855446679016e+00 4.700604233996793502e-01 3.415677673842014705e+00
2.944656000254216033e-01 4.309342667215267930e-01 -8.902445058856068849e-01 2.541578151717792888e+00 -5.398602436458680431e-01 3.672292776063235564e+00
-1.769076490711995575e+00 1.740523759400611103e+00 -2.338972114295708060e+00 -1.458085597656158638e+00 -1.734267100544070184e+00 -5.675488567067750623e+00
-1.117460356833583912e+00 2.651264268232492172e-01 -1.770337131534321373e-01 1.613617950814743462e+00 1.119352401774897920e+00 -3.239508820329233263e+00
-1.251661814585794730e+00 1.745974028189224425e+00 -2.901525095047825520e+00 -1.864410850191845048e+00 -1.443884125486604386e+00 -5.108836307097323726e+00
-1.890159990885084573e+00 1.610095981118355724e+00 -2.324573005692227134e+00 -1.357422723171687551e+00 -1.810250247740016860e+00 -5.542936597346861838e+00
-1.763794067531651022e+00 1.810210037952318496e+00 -2.977572041709831474e+00 -1.392956395629487254e+00 -1.646158572842221890e+00 -5.109092993706203067e+00
5.173982728818054405e-02 5.963471956017697417e-01 -8.247938736692755901e-01 -2.244729954869435218e-01 2.341362659423466275e-01 2.185365719932343131e-01
1.700901821898945343e+00 8.684710659911685227e-01 -7.981580051105590101e-01 1.579988018753673673e+00 -1.700572529751000816e+00 7.091584574644235750e-02
-2.939046951756731474e+00 -7.889804514053037066e-01 -2.380296376317843077e+00 -1.704998350329668177e+00 -2.044024597644428232e-01 -1.433781269424065030e+00
-1.637324618085602035e+00 7.321456818788547594e-01 -4.440240600684206562e-01 1.551868205548166957e+00 1.634573131742160568e+00 2.852860442947652952e+00
1.177283729869715634e+00 7.256766746841514237e-01 -3.103030696283762269e-01 1.404794958375928715e+00 -1.212335820370456840e+00 4.455250471638477761e-01
1.462460958789868704e+00 6.489438188807791219e-01 -3.019567504074477382e-01 1.533823022415005344e+00 -1.468936166830570267e+00 3.488789895049327905e-01
-1.636171493867369486e+00 -6.786372376152230435e-02 -1.100461677705646540e-01 1.582379892225669549e+00 1.635142917127845319e+00 -2.963302656100350596e+00
1.878170101718121154e+00 6.333850926217237109e-01 -5.048364857392895200e-01 1.611469356129243469e+00 -1.875546496725607470e+00 1.348030493887046599e-01
-1.625477544270975461e+00 4.137167153097138228e-01 -6.891195706151820310e-01 1.585681359223993336e+00 1.623409248839885022e+00 3.417381206430587071e+00
1.566685585589088658e+00 7.573994698990812457e-01 -3.025508341365465426e-01 -1.572599405358718894e+00 1.567108635282473905e+00 3.596437376619604720e+00
-3.205473975074751292e-01 9.028282233590971817e-01 -6.565400028658792131e-01 2.204322613917751639e+00 4.016330011813316059e-01 4.038851127365608029e+00
-1.410081425450738113e+00 1.538639018648012002e-01 5.372766851698619790e-03 1.596501364191179384e+00 1.412127822660122822e+00 2.980305096674281007e+00
3.112074795007400585e+00 9.270478307949810981e-01 -5.733093938592064287e-01 3.056272281327152562e+00 3.549161415086592997e-01 3.221635399027987123e+00
-1.816018969605115885e+00 1.718944046028237027e+00 -2.437078656459995774e+00 -1.407594944352376087e+00 -1.754639645220359645e+00 -5.549966918381204373e+00
-1.768811176991469836e+00 5.986749246443453520e-01 -1.040403511922546598e-01 1.475835336405912690e+00 1.744812539159000586e+00 2.638660954935934999e+00
-3.443405700782093959e-01 1.147607515322461635e+00 -2.333636419179700106e+00 -2.772417681487465924e+00 -1.209689191963934318e+00 -3.277449396285972760e+00
4.833668401915784396e-01 2.247616174426071423e-01 -5.344669332118680005e-01 -1.044667702769926487e+00 5.673900116749360789e-01 9.677472827795325916e-01
1.243308805054148092e+00 9.374195550808367416e-01 -7.431902123046170150e-01 1.505314208786345143e+00 -1.249684823435587733e+00 2.048444243055341507e-01
-1.589489571751822039e+00 8.392119760789479299e-01 -9.830260824711252177e-01 1.573477112922773147e+00 1.589290439437169855e+00 3.285427267489844816e+00
-2.883425524256707728e+00 -7.279727350029387978e-01 -2.092273599044891963e+00 -6.963948519599825193e-01 -4.093772743184258545e-01 -2.487267123247763667e+00
-4.061916267405697722e-02 3.831850952286495193e-01 -2.710059360138951101e-01 -3.475009038606586276e-01 -1.192786770556029108e-01 3.452202676234192302e-01
-3.497116027335934740e-01 4.911006203928120484e-01 -2.706132708154423971e-01 -1.030468801900278120e+00 -4.109859306410573732e-01 9.913648357028959079e-01
1.211849151281908288e+00 5.682556621505118200e-01 -7.682046077619050228e-01 -1.496404578308622169e+00 1.219320011529600789e+00 2.928420730727404830e+00
-1.689208807844882809e+00 1.432205150938488991e+00 -2.680677624173159579e+00 -1.458431397908373839e+00 -1.608220940863940740e+00 -5.032600484161826593e+00
-1.273263718991105131e+00 4.369237971601050430e-01 -6.857631049756705011e-01 1.495427992025022412e+00 1.282688880000700804e+00 3.401362444279408592e+00
2.557481298273970791e-02 8.312408801627663157e-01 -6.525174339749870711e-01 3.283913707739586130e+00 1.805257097273003375e-01 3.001562651146395311e+00
3.567718069177595597e-01 1.257054721140297149e-01 -2.584596052871979133e-01 -1.229407532412126747e+00 3.796789415537099033e-01 1.205438441779254521e+00
-1.202645271222507528e+00 6.094958069068997369e-02 -3.702230600594488830e-01 1.453915899254757838e+00 1.220889354422882045e+00 -2.811626415333976059e+00
-1.939503805109524581e+00 1.023461028847861831e+00 -9.414007403905211291e-01 1.539134204570387521e+00 1.938198222765937784e+00 3.053644051788322322e+00
-2.064222669624991457e+00 1.836529771986769033e+00 -2.603227470590517623e+00 -1.213687528926808534e+00 -1.918900332621046090e+00 -5.453033949287642734e+00
2.004896895130705126e+00 6.272353675708196574e-01 -7.076263749708037176e-01 1.533588722995898657e+00 -2.003395310691360454e+00 -8.856100227444929640e-02
-1.239039353876629779e+00 1.804378581459117337e+00 -2.716130608726734064e+00 -1.836698866728693869e+00 -1.369997341556925763e+00 -5.344482199503225672e+00
-1.607932805531183673e+00 5.450237957454359128e-01 -7.525462590397010709e-01 1.578452800090485386e+00 1.607129876124192114e+00 3.349248631053083791e+00
-1.233180808349907363e-02 4.444720358075310851e-01 -2.952271502056027508e-01 -8.209204954585080927e-02 -1.497500378653086883e-01 8.117059488585132154e-02
1.912964109074619667e+00 6.750215437472150137e-01 -1.921043628087363564e-01 1.734710867489061448e+00 -1.872507819826707109e+00 5.078969838040424678e-01
-2.721169791159363388e-02 3.469315906543520289e-01 2.036667347632229244e-02 3.065712630456284948e+00 3.682586962338154080e-01 3.212416619375632276e+00
1.683377759310391020e-01 1.469985009405159471e-01 -3.141313836665589054e-01 -7.957876861462510609e-01 2.366580138671076639e-01 7.816549889928805506e-01
-1.267508167545256637e+00 4.445393625937411053e-01 -5.484142271408026792e-01 -1.603225902920493162e+00 -1.269188921916275747e+00 1.087949095964390878e-01
3.105185274743444523e+00 8.243850196369206795e-01 -7.189560130781762481e-01 2.809203796675089571e+00 1.115175051800563755e-01 3.472060637078003165e+00
2.619691164309195130e+00 1.113342539486642302e+00 -1.074354338953958710e+00 1.638505336475081453e+00 5.232186065944773867e-01 4.634267622718892810e+00
-1.530188655435926526e+00 1.705046646263834953e+00 -2.575036261111028679e+00 -1.601843605770153056e+00 -1.544609862006200984e+00 -5.412782546360102920e+00
-1.487791903225161194e+00 1.238261347969217496e+00 -2.273348811132951841e+00 -1.642217375320267125e+00 -1.528456976162583247e+00 -5.246580131205066166e+00
-1.703848202656605526e+00 1.975449065080401301e-01 -5.761592247812016288e-01 1.620229472017418848e+00 1.694369773326769524e+00 3.523259453282626463e+00
-1.037882215560675253e-02 6.072718123010597546e-01 -6.898330528440761444e-01 3.268049239171741505e+00 -8.320875863301026298e-02 3.015565026889696298e+00
-1.938296617309113179e+00 1.859640992699801432e+00 -2.717680632606342073e+00 -1.287367927198776352e+00 -1.807950133028552564e+00 -5.391146876837492385e+00
-1.465843172482787393e+00 4.513180718738404873e-01 -7.012584157665929796e-01 1.544750127546862473e+00 1.469109990176167724e+00 3.392852337693726739e+00
1.139636350847555102e+00 8.067916476158379924e-01 -4.468326842661161091e-01 1.410144825579535910e+00 -1.168922046186753771e+00 3.927581114186970979e-01
-4.554303800907283373e-02 -4.846596406250407857e-02 2.715569418170133420e-01 2.938536412253139218e+00 2.276112324724337832e-01 3.339546988569654484e+00
-9.397110055566951226e-02 1.983360991237091142e-01 -6.403851708547927402e-01 2.167269523688164501e-01 4.512873868879330175e-01 -1.955985964323284365e-01
-1.652766086694019032e+00 1.543055294173096836e+00 -2.323294202510121753e+00 -1.513070787316721066e+00 -1.629017377883730910e+00 -5.501259563259790930e+00
-2.640352976215786795e-01 4.104095819515609089e-01 -2.901559617355926046e-01 1.988643258670956593e+00 2.895479340159484716e-01 4.278555383929523614e+00
8.583073854034935224e-02 3.298934922405346581e-01 3.121647191039254587e-01 3.284206689642860777e+00 6.469658620277209948e-01 3.027532790664085649e+00
-1.604373638064795493e+00 1.811687174973013681e+00 -2.700057385960358491e+00 -1.544737273127690047e+00 -1.591964861256549124e+00 -5.394532256402053250e+00
3.598485350008152617e-01 1.704143876472858921e-01 -1.971342666627386442e-01 -1.499739944250118473e+00 3.607969537680379979e-01 1.494880411464664105e+00
1.664956869441903686e+00 1.094724836214670649e+00 -8.722789983711278783e-01 1.591627343611299539e+00 -1.662624071058328434e+00 2.234080378650575016e-01
-1.481913647365603603e-01 3.843201793420150114e-01 -1.016490029892291425e+00 3.389066529240227776e+00 -6.469758650789712018e-01 2.942664188942723857e+00
-3.088496176918109626e-01 8.695974659667684570e-01 -1.289794717087239029e+00 -2.477830987783181893e+00 -5.159773807974927795e-01 2.544196091440948493e+00
-1.760133591826709365e+00 2.236098759853897555e-01 -7.857534845601428231e-01 1.672583968933439191e+00 1.730717515250161265e+00 -2.571290782514331852e+00
-2.204448310566410107e+00 1.290548014913635466e+00 -2.137821253932617349e+00 -1.067445418505274635e+00 -1.973574149881759610e+00 -5.331013825080201940e+00
-1.759280341732766484e+00 1.314112616440806791e+00 -2.024743055587268525e+00 -1.447005484150150290e+00 -1.713288714981447081e+00 -5.563705260811408593e+00
-1.069375031366975870e+00 3.499377544726688938e-01 -2.444674072502869139e-02 -1.397258672385712108e+00 -1.097933777268887745e+00 -3.674151134462949608e-01
3.623533152802725921e-01 3.537302169740176305e-01 -7.346833693583476599e-01 2.346553543781204176e+00 -5.195798857523509229e-01 3.866020203918653753e+00
2.942178339216380056e+00 1.062316531730927327e+00 -1.344961366396683511e+00 6.271071215028877210e-01 3.443608254112203726e-01 5.684541605574485956e+00
-2.928178882985124631e-01 8.553052869190643781e-01 -5.233895446038809851e-01 2.395131413037705048e+00 4.390017593054545975e-01 3.838664609194558430e+00
-1.134290210691226042e+00 2.730585578356128917e-01 -1.548027003044922523e-01 1.625794405461300940e+00 1.137541995367718606e+00 3.011218262177247418e+00
-1.315761636510960564e+00 2.873489832290575530e-01 -1.965086835787354866e-02 -1.501936198531987898e+00 -1.325032337672459093e+00 -2.762145829157930388e-01
3.668353252813739696e-01 3.360062498647114482e-01 -4.005963469260330201e-01 -1.404222768082680650e+00 3.722263102294680048e-01 1.392237891072931832e+00
4.931673418714558332e-01 5.551617230322761776e-01 -6.138736998409723977e-01 1.679618172535874088e+00 -4.963665024574587248e-01 4.588785610246050695e+00
-4.277762469886774999e-01 3.065581630837101446e-01 -7.186800074879027278e-01 8.499184063637780229e-01 5.850136816693911612e-01 -7.591750595635309296e-01
-3.785114993544139717e-01 9.709302845212537392e-01 -7.091870438765209839e-01 -9.938682658094054601e-01 -4.565772416829422253e-01 9.434548314589266127e-01
1.508480995286286985e+00 6.734783567520108427e-01 -2.377060410525080603e-01 1.544460725815669067e+00 -1.514306632108753048e+00 4.365234602510655870e-01
-1.267237868677979717e+00 4.074423872177698747e-01 1.468603673048663183e-01 1.734207458495448106e+00 1.313813555068960692e+00 2.566122944662509564e+00
-2.091208285907708131e+00 1.262402558219456461e+00 -2.108645159534538127e+00 -1.165421857178784659e+00 -1.906637050261870803e+00 -5.367290949372871545e+00
-1.186262680497447208e+00 2.508017509053757643e-01 -1.903766810753926841e-01 1.595217609512674439e+00 1.187005648621082265e+00 -3.206751693002150461e+00
-1.498437496682645698e+00 5.192943321422258673e-01 4.590906788023811635e-02 -1.531996150675902557e+00 -1.509710201341263547e+00 -5.663854109792371139e-01
-1.895740863493123207e+00 4.279662090875657188e-01 -1.367044126242110413e-01 -1.667239028404993606e+00 -1.881580121636650560e+00 -3.063899726807773893e-01
-3.630115854020930510e-01 4.155805052897361684e-01 -9.081631946697983349e-01 6.766710658916580412e-01 6.029090639289752529e-01 -5.844618012702523790e-01
-1.472365655492894110e+00 9.623861778088356189e-01 -7.293789374427449568e-01 1.593597346101370604e+00 1.475028365499417626e+00 2.907486972752374221e+00
-2.042793620048575509e-01 5.116824358566922637e-01 2.813130494807529469e-02 -3.832630701669360596e-01 -5.735667653058044158e-01 3.265635473019585233e-01
-1.966976337928387997e+00 8.993064794145586571e-01 -5.258715350405521738e-01 1.419359951943502951e+00 1.938309205193239126e+00 2.739952850606878876e+00
1.117386646911600945e+00 8.637042701547962276e-01 -1.341384045971003358e+00 1.791162574696673504e+00 -1.171242476091756801e+00 -5.224700468634008166e-01
-7.961755640223920627e-02 8.170784188277937510e-01 -6.775800612407792967e-01 2.621121599993211593e+00 1.604931962079313434e-01 3.656498903784394017e+00
-4.333347026855506323e-01 1.505182037931549921e+00 -1.958191206946384932e+00 8.131643696897807860e-01 6.162928881445183249e-01 -7.117925154797162257e-01
-1.245822932671955402e-01 5.948938908518425217e-01 -6.695055441102945593e-02 -2.437780469451276133e-01 -5.410818270851729395e-01 2.100638263354208668e-01
-1.399416780471908428e+00 1.097519158822851448e+00 -9.539863272912123549e-01 1.595545059682702327e+00 1.401202261821220763e+00 -3.287224470571859403e+00
2.741443581676941577e+00 9.473742751333344980e-01 -7.306038049359587783e-01 2.041293055319485461e+00 4.522895129210820486e-01 4.197768625038014179e+00
-1.310384045184563861e+00 2.144829822917325435e-01 -8.087218447710016189e-01 1.422697251568482146e+00 1.355809872737592237e+00 -2.531337275444178303e+00
-1.732708066436204897e+00 9.826684816596407135e-01 -7.235319675336306933e-01 1.528965409784781126e+00 1.727250336093048899e+00 2.879170245779581361e+00
4.299969029138628329e-01 1.762136201996186369e+00 -2.252254473510415522e+00 -7.723922229182318411e-01 6.402254929078526891e-01 6.632763094068951926e-01
5.611318024891977924e-02 9.183933891735260313e-02 2.703306290123528854e-01 3.298623297832311785e+00 3.663023217564283507e-01 2.994837026475418718e+00
-1.055261081344543772e+00 5.864500557181379081e-01 -1.385858247036490409e+00 1.184910939867916291e+00 1.219950423642979453e+00 -2.272957345715189259e+00
1.398196797830910665e+00 5.161672375553136849e-01 -3.904083941085347009e-02 1.490901634895728245e+00 -1.417630694977975336e+00 4.832682030989880473e-01
6.493660106625075146e-02 4.377117165491864470e-01 -9.253189468958558095e-01 3.003659908212761742e+00 -4.915580488517968805e-01 3.263366840714593042e+00
3.030883751896840117e+00 1.125123674193334145e+00 -9.930969324165640488e-01 2.440605886312726902e+00 1.720942978881198349e-01 3.835253339019564667e+00
2.422709102221324573e-01 3.481904762230459971e-01 -6.360277986106090964e-01 -7.164223801011611048e-01 3.740400207538910338e-01 6.811425455190366351e-01
2.654334608636117032e+00 1.137895254640428844e+00 -1.131824138343732411e+00 1.582218535643325152e+00 4.872956570916711638e-01 4.699457424274404715e+00
4.025312035217201156e-01 5.491756386624196962e-01 -1.317917646061433912e+00 -5.495122041496883769e-01 8.481924704137104865e-01 3.848309061893211425e-01
1.894849683333395429e+00 6.814215038446029826e-01 -5.865401877940688014e-01 -1.538982679084460514e+00 1.893334014659626252e+00 3.241656788013266954e+00
-1.650928288721710935e+00 1.589041961940743874e+00 -2.087047647041625265e+00 -1.532456830373233991e+00 -1.641171636594150440e+00 -5.783825892043078731e+00
-3.052563876464580161e+00 -6.716522377531751742e-01 -2.232770481324261258e+00 -3.633007516335161613e-01 -2.530315517298200589e-01 -2.788906673384361490e+00
-1.426358870143594082e+00 8.191002125861166494e-01 -1.217330398868078145e+00 1.514453877506087176e+00 1.437724951102431703e+00 3.543575177926531428e+00
1.503890650480688373e+00 1.077026093538558715e+00 -8.413841186651980220e-01 1.555151441227091258e+00 -1.505736478643063592e+00 2.361562270072921077e-01
-2.864766225788674792e+00 -8.667174279136623527e-01 -2.659676760388538508e+00 -2.493793115569288510e+00 -4.699652643423959941e-01 -6.876723402164448551e+00
-1.418755700540067055e+00 2.365465181117654969e-01 -5.107593124214970803e-01 1.529324338844169073e+00 1.424483452447269816e+00 -2.864332869805140014e+00
-4.897573175655390854e-01 5.179798003169709952e-01 -2.492279475722005977e-01 2.033016103799746954e+00 5.533487716467609951e-01 4.182629137617994708e+00
3.088470898189442648e-01 1.784756247529982298e+00 -2.436123531028458800e+00 -4.844520618139492862e-01 7.111229308339894750e-01 3.794110877398905179e-01
2.700368739329122789e-02 4.060655279988584221e-01 1.460631927789036166e-01 5.131132362045788542e-02 -5.527207363660255890e-01 -4.366346229324939016e-02
-3.094123070000233788e+00 -1.045895895744873627e+00 -2.363404263360924684e+00 -2.964171860326123564e+00 -2.717853821771860634e-01 -6.454213550843495462e+00
-2.741951767917836236e-01 9.091504822403538855e-01 -2.059016402561381298e+00 -2.842648642650838386e+00 -1.166526882585181557e+00 -3.262224022212236285e+00
-3.134315927425257442e-01 4.067650310647940581e-01 -5.196005486865715728e-01 1.236289683180810783e+00 3.324946915318905405e-01 -1.218442606337061918e+00
-1.194905816334907334e+00 3.080780362230297054e-01 -8.655053999375339480e-01 -1.776609170128567117e+00 -1.253988233614995229e+00 5.904114520693424240e-01
-4.533075105269454563e-01 4.251287536207133400e-01 1.961778232250028786e-01 2.444843960403387140e+00 7.510207084194879812e-01 3.690534965908220499e+00
-5.415707586013630559e-01 2.786504118800679497e-01 -1.705883823640163832e-01 1.748107204763273081e+00 5.511908169858487083e-01 -1.778133388326356590e+00
-1.624101960337692274e+00 5.737511618815847037e-01 -7.552970070420459425e-01 1.580430910960141322e+00 1.623219523353779614e+00 -2.959799598423985767e+00
-1.655507574861047493e+00 1.754422640576063896e+00 -2.889535979566678847e+00 -1.493968246033251290e+00 -1.606506354025826422e+00 -5.146692030978750942e+00
-1.401793069895992394e+00 6.644779409860500641e-01 -4.195284770170317756e-01 -1.529435627542502951e+00 -1.406879486112985633e+00 -2.483546505736649868e-01
1.583133332534603088e+00 5.643103287938915358e-01 -2.077647679201822806e-01 -1.566487168146582842e+00 1.582362594185525051e+00 3.498155529700901933e+00
-2.051307142722970656e-01 5.199895004722520087e-01 -4.783946096079173538e-01 1.768330716599555874e+00 2.092471153790028682e-01 4.510573302680189300e+00
-1.496217176722908493e-01 7.320474146903660495e-01 -4.545134001957942815e-01 -5.027687138340186657e-01 -3.143800678123422898e-01 4.818343540318794638e-01
3.793041761020115032e-01 1.401226499676687109e-01 -2.322710556610181332e-01 1.797817111140490365e+00 -3.898111321457342071e-01 4.467668275453983817e+00
-2.138088299116290170e+00 1.145299140612522804e+00 -1.992238467553302028e+00 -1.125396503346028698e+00 -1.934640582156444077e+00 -5.352973411861981390e+00
-5.502598722656907304e-01 2.915071843630533954e-01 -1.515031948373967707e-01 1.794555417608330261e+00 5.660078967837942621e-01 4.449049612091420691e+00
-3.963790867364815895e-01 1.919209142402162671e+00 -2.959387159187013339e+00 -2.689816525396913960e+00 -1.085098507144316882e+00 -3.364356859231862007e+00
-1.748185463134333650e+00 1.856964561615001674e+00 -2.601730427985660121e+00 -1.449878316306535631e+00 -1.700898705915839138e+00 -5.530525929466402424e+00
1.201565484029718078e+00 1.246100021038978323e+00 -1.944155914964895704e+00 -1.327023083334824882e+00 1.290670586366018613e+00 2.409002872468106293e+00
2.767078996161965065e+00 1.083074280197725336e+00 -8.280378589393876387e-01 2.141476035922822430e+00 4.496902782454533787e-01 4.093132172900366683e+00
-2.516387135602915839e-02 3.166574898804120908e-01 -6.480856046125860193e-02 -1.010252121718551443e-01 -2.530758604102467113e-01 9.783852481263301260e-02
-1.777276720948304689e+00 8.149324825416175144e-02 7.291278613050634905e-02 1.538593207985540223e+00 1.774780209852677482e+00 -3.299302509911127945e+00
-4.673785914776176775e-01 3.606389491722373775e-01 -2.882523000497572152e-02 -9.975784457880854106e-01 -5.659933005738934098e-01 9.179038588273974453e-01
-1.182079801823816334e+00 1.562364413457391521e+00 -2.389632338288804281e+00 -1.863604095162781693e+00 -1.311349998930061878e+00 -5.417442815624113450e+00
-1.834223471690717755e+00 4.427015014965297035e-01 -3.416394703998986704e-01 1.543592090333620437e+00 1.832841952034777178e+00 3.036936978939429377e+00
-1.618918654648440647e+00 1.654469347691930048e-01 -5.003130171810727944e-01 1.586613470423487326e+00 1.616222024280531633e+00 -2.806360722993822776e+00
-1.654731986389352594e+00 3.027033116108409638e-01 -1.563843170811455296e-01 1.558532340785272030e+00 1.653827745932599180e+00 2.994756464347581471e+00
4.939045268965933100e-01 6.687747279006687195e-01 -9.771841100215135079e-01 2.084186136602546924e+00 -5.754598083335071834e-01 4.120667937761134603e+00
-4.347039275000133540e-01 2.058330639949699226e-01 -4.679193651194766823e-01 -2.079674710767502432e+00 -5.032407022436498067e-01 2.137871965189890755e+00
1.613939521548771738e+00 7.899111041722157722e-01 -5.538002183575846393e-01 1.580892503331992271e+00 -1.612736063899030015e+00 2.363293599458993477e-01
-1.625078586798261560e+00 1.022311113531124249e+00 -1.254143966097524876e+00 -1.558312124085313277e+00 -1.623618674869500511e+00 2.321603022998134092e-01
-2.868629026225530954e+00 -8.640182648828740319e-01 -2.351844858639092539e+00 -1.829746708193831894e+00 -2.826445981994606949e-01 -1.301640857511863203e+00
-2.408006185599195492e-01 5.296510208097329198e-01 -3.473300721378507205e-01 2.207004596918389794e+00 3.009655324572786950e-01 4.054062862914435961e+00
-3.388031209648562081e-01 8.431052570912183075e-01 -4.192921892243944848e-01 2.433186628674183449e+00 5.360976788523489356e-01 3.776438371145075301e+00
-2.931893095825121032e-01 3.122671545846135086e-02 -1.571530252619319779e-01 1.176749391039608739e+00 3.183695460390449927e-01 5.125054352765105570e+00
-2.661746630604638342e-01 6.841599307276062802e-01 -7.767443360577989120e-01 -1.897572132156590374e+00 -2.814533889810496570e-01 1.909976420772326433e+00
1.715040935624249641e-01 6.616110758928392954e-01 -5.041673336201145661e-01 -2.306226703925243982e+00 2.322878145404904948e-01 2.319789419301845346e+00
-1.809056401684325355e+00 7.219091256130244494e-01 -4.752800681753248102e-01 1.511570659927954141e+00 1.801707994598830354e+00 2.888085654908794098e+00
2.520202716575717372e-01 3.247438663966463746e-01 1.942401448476970549e-01 4.787271522961263903e-01 -5.718677718697116052e-01 -4.114923878314644679e-01
-1.651977345928724361e+00 9.035635646536701593e-01 -9.528969009676725443e-01 -1.566783356712052822e+00 -1.651872416392446530e+00 4.949174157442024630e-02
-1.909021972379888687e+00 1.382267385721376529e+00 -2.402270063989339288e+00 -1.279594214322522516e+00 -1.745333181746574036e+00 -5.237518302881325916e+00
-5.907653764170382044e-02 1.365259559184922866e-01 -6.970569427018690201e-01 3.252386736009579060e+00 -5.632935176964052326e-01 3.047807625780063034e+00
1.367262833643837938e+00 5.028434653725462056e-01 -9.093767776545368386e-01 -1.489367568047174739e+00 1.384049727227349980e+00 2.727435065447092466e+00
1.708057238354285801e+00 9.943043535855322634e-01 -8.454222740504255817e-01 1.591282127074327146e+00 -1.706523387677511439e+00 1.502796588060039962e-01
-1.831711118647648462e+00 4.036983362293396493e-01 -2.364316185883369448e-01 1.526371907685009743e+00 1.827981521195680692e+00 2.968572816072271081e+00
1.207526281532883106e+00 1.118769449142916983e+00 -1.019735803137143737e+00 1.533223685510312517e+00 -1.209382613529745853e+00 1.059039527543868681e-01
-4.269220096806467524e-01 2.522227643819781040e-01 2.011523000732902688e-01 2.337362248883644078e+00 6.123764976262151549e-01 3.845913811139566096e+00
-2.447586605752015698e-01 2.859233978144889443e-01 3.777128286760212394e-01 -3.851348107987728753e-01 -7.008786397193804696e-01 3.004312995266238961e-01
-1.438808499749578917e+00 8.388910262323043820e-01 -8.002629118394791741e-01 1.575926668385769336e+00 1.438901814660192624e+00 3.102620167818493702e+00
-1.403902604580575142e+00 1.146837528827252400e-01 8.115899077994488675e-02 1.603571400595132035e+00 1.407117716756138837e+00 -3.340131052469113460e+00
1.816900693488922469e+00 6.750881267511467110e-01 -1.252692984561999179e+00 -1.707103655399675457e+00 1.776339320293285562e+00 2.549910216847539601e+00
-1.465565188427048193e+00 7.343277199668970523e-01 -9.650987326060720406e-01 -1.594947658179806993e+00 -1.468358545756334177e+00 2.320045073843599315e-01
5.173151322695023202e-01 2.237793124956073687e-01 -6.071213498205804138e-01 2.152352816911915045e+00 -6.333260562855653752e-01 4.028236068372885725e+00
-1.107789780125769008e+00 6.686393723797194877e-01 -8.726915565414882225e-01 1.469974083758357253e+00 1.118125826400181433e+00 -2.914297127714795099e+00
3.226742313616893232e-01 6.941532122646378866e-01 -2.298433220037660318e-01 -2.500140278904148250e+00 5.586196616430717521e-01 2.577058064836637019e+00
1.183468507456168828e+00 6.826054620566526232e-01 -1.005760139331623559e+00 -1.441975449453035907e+00 1.204488965547657164e+00 2.794550234388776921e+00
-1.274413431322465762e+00 4.046244348522464174e-01 -8.927901771042751067e-01 1.428535085502587121e+00 1.309904904029724593e+00 -2.634726566220649158e+00
1.239450351323207355e+00 7.255188018299751906e-01 -7.147398410354154352e-01 -1.574497633687363285e+00 1.239475733867385188e+00 3.152983259630042223e+00
-2.123965819018109880e+00 1.745073544306657176e+00 -2.556139376235971650e+00 -1.149868491395688919e+00 -1.941037925252592444e+00 -5.392143953422144698e+00
2.867995704663905965e+00 7.080603720536213785e-01 -4.151773397770013307e-01 2.370526518460432719e+00 3.980881911911521853e-01 3.872056709366859195e+00
-1.593504962475418063e+00 5.393367696246108567e-01 -7.655513967570476419e-01 1.575892305498477475e+00 1.592920355463560034e+00 3.367857991732675416e+00
1.197272816488256231e+00 8.261199936220625650e-01 -1.362981783586203255e+00 -1.372974226619587679e+00 1.251846268998980882e+00 2.572814062994444040e+00
-1.446719770952565209e+00 2.218305728567411816e-01 1.922094016161026986e-01 -1.520657749850908846e+00 -1.457246653621477428e+00 -4.168979843615923664e-01
-3.076236423541564236e+00 -9.995719966645560950e-01 -2.460993103997464626e+00 -2.935614374798709125e+00 -3.253734180198769588e-01 -1.954608929853745569e-01
-1.697039989785386727e+00 1.882449857117064695e+00 -2.505855502909531296e+00 -1.496836936719564193e+00 -1.673193656425078002e+00 -5.655981563768327725e+00
-3.061565754174147003e-01 4.346688316597290824e-01 -4.545189647931962423e-02 2.447177858937897632e+00 4.903204389713484157e-01 3.775207223171851201e+00
-1.640681069437671225e+00 8.163605260570085953e-01 -4.901383387272973402e-01 -1.593223230876485541e+00 -1.636984365412490927e+00 -3.269713234763125254e-01
4.561287605407615686e-01 6.097772673459758708e-02 4.912086812010552084e-02 1.350609009983205322e+00 -4.683177924229097733e-01 4.958155843725587708e+00
5.602850359162083738e-01 8.912880720128516510e-01 -9.586278646772747880e-01 1.677684811758272332e+00 -5.638910526955459579e-01 4.586119849959878536e+00
-3.096351388877944394e-02 9.433299274349051800e-01 -1.248852944701946299e+00 1.026333937369824784e-01 3.070340068534176958e-01 -9.786579685152060892e-02
2.742629566656997753e+00 9.288010636368857487e-01 -8.028490382094906064e-01 1.860479207887794084e+00 4.173523663113490878e-01 4.397210518400258117e+00
1.152799578668809666e+00 1.045438651130760954e+00 -1.228318019058294297e+00 1.651395492994667480e+00 -1.160188369298991606e+00 -1.996681857152124429e-01
5.745830630186740118e-01 9.116777525586613473e-01 -1.233253249559891573e+00 -1.116650013664352015e+00 6.495001331213499096e-01 1.020881552637651790e+00
-1.148746089948557758e+00 1.112584192366050884e+00 -1.409339769907435924e+00 1.440238834595690465e+00 1.168282616224568304e+00 3.465018716566723889e+00
-1.068307082646241968e+00 4.088570513319901290e-01 -5.713426731300597083e-01 -1.659451179236690832e+00 -1.075526013760190525e+00 1.849035328668916511e-01
-1.536645900482359162e+00 1.887875073604558862e+00 -2.745732356072809299e+00 -1.596636548787159882e+00 -1.548457250325352641e+00 -5.425032265611346105e+00
-1.020827814088345553e+00 1.704741273553353753e-01 -2.501156922028864860e-01 1.522079497227496470e+00 1.022765485182348888e+00 3.234916373589166838e+00
-1.315515338250057509e+00 6.639418386235068636e-01 -1.428564133465143993e+00 -1.749531190677026116e+00 -1.387538276903146572e+00 7.810873141518958063e-01
1.976839806342139072e+00 6.543595710846951130e-01 -5.788337436655269785e-01 -1.538363582680792874e+00 1.975609303444185727e+00 3.223782465520655727e+00
-1.477887522112407259e+00 3.486252917283965552e-02 1.152384766138397215e-01 1.584723904536921912e+00 1.478939536714882097e+00 -3.292325516329077661e+00
-2.434561847561159120e-01 7.041515724540482468e-01 -3.551470852560420499e-01 2.513546998559405221e+00 4.226606522246008635e-01 3.726512467754313551e+00
2.787583280860466584e+00 9.253381535252874768e-01 -5.820934138018860615e-01 2.309528353488273567e+00 4.879957173798336600e-01 3.911668920829387552e+00
-1.606995073493258319e+00 1.646163116965499995e-01 1.701275017182573290e-01 1.558901844028645067e+00 1.604980633593399819e+00 2.806640181840116544e+00
-3.742484564250647683e-01 1.365304540825514446e+00 -2.166566431376125035e+00 -2.641187088995433641e+00 -8.663139611185065592e-01 -3.481956115320069767e+00
1.483340219524431847e+00 6.783965306551589247e-01 -7.195908752777434580e-01 -1.567182244574511163e+00 1.483420422563347385e+00 3.100234291067605508e+00
2.985764012030792447e+00 7.991234933808655239e-01 -8.557296672720708930e-01 1.225393028928990713e+00 1.657115338453543363e-01 5.062213150933726702e+00
1.399512124621025588e+00 9.396098334195073232e-01 -8.666598767547689652e-01 1.558185669922088623e+00 -1.399966284961312812e+00 7.403512846706658546e-02
-1.353010652779731648e+00 7.383727542259872489e-01 -8.714699803704132330e-01 1.541442058179507857e+00 1.354961381818594601e+00 3.277864636087593819e+00
4.758980129458463826e-01 4.911461342960550258e-01 -1.874937266133051839e-01 -2.096395232960759802e+00 5.581869684571976187e-01 2.170582265911968456e+00
-1.515110118404758843e+00 9.102100935032096940e-01 -6.421292540376980496e-01 -1.556028870239870354e+00 -1.517095450608031637e+00 -2.684838053551152348e-01
-2.047117184782353050e+00 2.506698300531274848e-01 2.609972271963825752e-01 1.323349383790756173e+00 1.982080332711430026e+00 -3.705133987671067164e+00
-1.564666624899055392e-01 2.611713774906229135e-01 -6.668826047176571459e-01 3.801568518805443220e-01 4.332767626068365074e-01 -3.479118512493018511e-01
2.692515268295781805e+00 9.265305224070261580e-01 -1.191978179125090520e+00 1.072312554668002793e+00 5.170158027012112800e-01 5.271838139333956619e+00
1.344937202985948543e+00 5.122294198316260649e-01 -2.847596040508459936e-01 1.519017623427075581e+00 -1.350847716341681437e+00 2.331966962391470721e-01
2.663116996763234212e+00 1.788566947134766716e+00 -2.274606047101785933e+00 8.376665484437783027e-01 6.682719902405184209e-01 -7.168738883871479395e-01
-1.973517028543463558e+00 1.468471619143536522e+00 -2.554924218054530183e+00 -1.210268689063694447e+00 -1.754307421212998763e+00 -5.163190894005464493e+00
-1.751346528542492065e+00 1.027536165961908221e+00 -1.079874111317155716e+00 -1.561247343520660191e+00 -1.751090524280610961e+00 5.319747077540518121e-02
-2.931004805798653190e-01 6.978917954967851500e-01 -8.907169156299922230e-01 1.005150726046176946e+00 3.493042106199054642e-01 5.306584231996633427e+00
1.676714495968791852e+00 6.669889979122044510e-01 -5.782620863393823640e-01 1.580215791971044004e+00 -1.676290920861784883e+00 8.923043352302999220e-02
2.612223709005341288e+00 1.701678017755845929e+00 -2.155665291842320030e+00 9.275896891624676455e-01 6.829800354120509898e-01 -8.025444064573569181e-01
-1.682410113588283629e+00 3.614826548663117034e-01 -3.709427201062807100e-01 1.571857637406341546e+00 1.682400174700572570e+00 3.151105276380774534e+00
4.074379630368640814e-01 1.241591162966876327e+00 -1.846718029827693730e+00 -6.490415279462111720e-01 7.149842461743337596e-01 5.202501211879305698e-01
-4.572680999055138695e-01 1.120188257621164141e+00 -2.122699555676587746e+00 -2.613165626008508546e+00 -1.066837135860977170e+00 -3.416376290352305833e+00
-1.081478021119127497e+00 2.407131308921411639e-01 -5.808202795423710318e-01 -1.746591674219554857e+00 -1.111735816285947642e+00 3.812719952164223547e-01
1.832620548119308079e+00 1.814228682817478955e+00 -2.384369810313898164e+00 -1.714439801150373421e+00 1.790465563634429769e+00 2.555590037006600923e+00
2.107419921760449455e-01 1.360332804420194275e-01 -5.771162965893439356e-01 -4.644154075718190944e-01 4.858457902659757965e-01 4.170038203023065382e-01
-1.962469710529889388e+00 8.357079271387236608e-01 -1.005010918572904810e+00 1.640272849776260422e+00 1.956566315618557095e+00 3.324466043234147072e+00
-3.078361097846823435e-01 3.953679758202358063e-02 7.525564945575435871e-02 1.916380716281143926e+00 3.279033915954684963e-01 -1.934210205456465381e+00
3.165416904497192485e-01 3.142359546486085398e-01 -6.413924328642292005e-01 -7.948662505932841960e-01 4.512322395274972475e-01 7.421922932031556064e-01
-2.028338757443806983e+00 9.140530935988325778e-01 -1.926476177776024645e+00 -1.175204540992040192e+00 -1.807019699190576478e+00 -5.223202739284723783e+00
-1.556280397160833662e+00 6.174892454843845524e-01 -1.961088966278981272e-01 1.576736966212235247e+00 1.557545615461396915e+00 -3.563019291766511998e+00
-4.046224074897435963e-01 9.682034131383738806e-01 -7.621286535421434305e-01 2.016602035795926451e+00 4.514822123920880226e-01 4.224170406932303834e+00
2.741536811078892466e+00 1.601531004479246789e+00 -2.131497754725764082e+00 6.966292905134442437e-01 6.522920870578732266e-01 -5.867075331424196349e-01
-1.726997532509809474e+00 1.006496126625796433e-01 -2.738510873936511603e-01 1.597929278219695437e+00 1.724646720720152349e+00 -2.966290895398437044e+00
2.739294531901242280e+00 1.181981767221784274e+00 -1.049810220822435358e+00 1.871199615415317652e+00 4.223244803915576218e-01 4.384997715930980533e+00
1.592392655816981806e-01 -4.757144181804198735e-02 -4.576946601478584092e-02 2.097014657511069746e+00 -1.843803072960779610e-01 4.178718327885364126e+00
-5.165535833596311965e-01 1.711049231742370447e+00 -2.628531197912274742e+00 6.209256328192093166e-01 1.013941835252574197e+00 -3.614471065708393382e-01
-2.168551504862954893e+00 1.117380135281857090e+00 -2.058561228357361106e+00 -1.067724024208477118e+00 -1.908564170726494424e+00 -5.254420905400513320e+00
-2.930244051595230825e+00 -5.863394804633413893e-01 -2.487782062501095126e+00 -1.266556950058248088e+00 -2.217025060098873901e-01 -1.882195515967227006e+00
2.859716610631847789e-01 3.990481616832604606e-01 -5.837585476637753290e-01 -1.012312790719503974e+00 3.390613165545409702e-01 9.856467350380472281e-01
-1.876067596614478861e+00 4.095999607098172457e-01 5.131295967295294164e-02 1.431546841953786009e+00 1.843341024606446998e+00 2.661546864005921442e+00
-1.265563913308540123e+00 2.032006958711332911e-01 2.782415036615816517e-02 -1.498766737115359238e+00 -1.273919848240975705e+00 -2.418099477051867952e-01
-1.471259473825776487e+00 1.741272946903397317e-02 1.186641535036531692e-01 1.584347593545573751e+00 1.472178037659015226e+00 3.004840422340159911e+00
1.956687092340640310e+00 1.007775128026022537e+00 -1.104893483632478413e+00 1.531425198039084945e+00 -1.954767700936878905e+00 -1.047684063004527544e-01
-1.851132130834245881e+00 4.247478161703200361e-01 -8.514941344753534924e-01 1.689408477197367642e+00 1.825398077222886384e+00 -2.699652259874437910e+00
-1.795245038815162841e+00 -3.332313077731918760e-02 1.283957004533232416e-01 1.549127782638044293e+00 1.794209767670863487e+00 -3.239102235289047282e+00
5.883510508267171257e-01 3.110475624805003059e-01 -2.380240694228900611e-01 -1.679640385165823258e+00 5.923349065549169401e-01 1.701773631135509612e+00
-1.114925721112374868e+00 2.828738846482195535e-01 -5.316156005113412686e-01 1.450658048035475600e+00 1.129967190086341500e+00 -2.865892426131566140e+00
-1.310880643518989919e+00 8.335918213516625430e-01 -5.099436166617539179e-01 1.655175326903691291e+00 1.324657914085314303e+00 2.807493679336818371e+00
2.634900199388579001e+00 9.369897541097693683e-01 -8.019685132162827079e-01 1.808788585641101898e+00 5.228546013374869572e-01 4.439389264952668057e+00
1.694497264771130274e+00 1.232925208128222705e+00 -1.107124646289743941e+00 1.586394966986554023e+00 -1.693508552912607046e+00 1.267623318143852318e-01
1.277653530572703033e+00 9.865469936687920605e-01 -9.429296662332532497e-01 1.557631096332058984e+00 -1.277934814122422047e+00 4.556438611933770477e-02
-1.489316632119438433e-01 6.735706751919957602e-01 -2.013273822297584614e-01 -3.187429979548913606e-01 -4.934713005965648547e-01 2.828446236553697757e-01
-2.693988718149254447e-01 1.706698948555840090e-01 3.221281748660104194e-01 2.613418644030521598e+00 5.562643646525566865e-01 3.601625840046836391e+00
-1.395869428736277840e+00 8.830534939711140452e-02 3.317485524229454308e-01 -1.498832627729321132e+00 -1.411210129634627997e+00 -4.258333495421656734e-01
-4.334979103135097045e-01 6.525533664704448178e-01 -2.295707558608422738e-01 2.296366303210986892e+00 5.961183028702700115e-01 3.892331882346625527e+00
6.889556994568711845e-01 5.914028740894076153e-01 -5.576047871235061404e-01 -1.611762210032050557e+00 6.896517670091150132e-01 1.623889687467010567e+00
-1.695322176157150640e+00 9.802541883563141434e-02 3.126508216959226205e-01 1.520867067392592586e+00 1.684915294778278172e+00 -3.555124732389559394e+00
-1.397699787539331995e+00 3.007065963319654478e-01 2.482157425116670035e-01 1.661769592268643292e+00 1.423335863351662400e+00 2.585951035699128209e+00
-4.406749691909553346e-01 2.030924297505782572e-01 -1.996362092526509091e-01 1.578001433237483875e+00 4.406884993124863259e-01 -1.578776398163067141e+00
-1.115433171450362249e+00 5.007577302182339984e-01 -8.558131890940527953e-01 1.402169273129231009e+00 1.145762217987878584e+00 -2.750061776766258959e+00
-4.693940429598182293e-03 5.589664207517580641e-01 -7.040764903447535028e-01 3.178147154449503103e-02 1.451884607392386339e-01 -3.144075274842663553e-02
-1.019648387051935445e-01 2.769528692529756864e-01 -9.586128832973435099e-01 1.609796178876908013e-01 6.880454906966864126e-01 -1.247882856644811495e-01
-3.967997191207224272e-01 2.712904005125791329e-01 -1.950584406154786954e-01 1.750442024258749951e+00 4.036744642162049534e-01 -1.765776065687128416e+00
-1.354792240629268063e+00 1.447818173731592606e-01 -5.743445755662320851e-01 1.479669129697201324e+00 1.374679443971700277e+00 3.580118594909400098e+00
1.573045419280071577e+00 5.283231900472405984e-01 -6.181112590434262311e-01 -1.571000320813219053e+00 1.573030671033288863e+00 3.051810709337263283e+00
2.387420661294173407e-02 6.520257061236268692e-01 -1.276791981161134570e+00 -4.080301997154905935e-02 6.251547160197352682e-01 3.309234213815477610e-02
-1.884116297111898541e+00 1.503346344538359913e+00 -1.931880107909832001e+00 -1.436969476418644698e+00 -1.854946829687299292e+00 -5.835477739670901443e+00
-1.327825842696600311e+00 1.902488207775316686e+00 -3.199554545806172268e+00 -1.805058526804765862e+00 -1.505710675794103892e+00 -4.978450919395891461e+00
-1.735344277950573222e+00 1.720047107372391304e+00 -2.824702127102695748e+00 -1.423538323889279811e+00 -1.644478734944940346e+00 -5.173085651640550786e+00
2.914035809072829331e+00 8.381554865011539013e-01 -1.158883096890755748e+00 6.335779153130326469e-01 3.909613296105172164e-01 5.686570996277394485e+00
-1.542929914756167031e+00 -4.659635509801664244e-02 -1.456077914025224185e-01 1.565475210633355596e+00 1.543438310559132498e+00 -2.949322993771823498e+00
1.992191355541854003e+00 7.669310529646115038e-01 -4.534240193179280287e-01 1.708167411796178925e+00 -1.970441578147699158e+00 3.413785938159013544e-01
-1.433539616991436727e+00 2.684602084108225206e-01 1.450163031944239327e-03 1.607615568836383568e+00 1.438534072293781829e+00 2.869235668697289299e+00
2.112193727804851928e-01 1.372713312186019663e-01 4.092822678554002280e-01 3.911693085737717457e-01 -5.820585752419443759e-01 -3.317653941669250206e-01
6.268792551300564897e-01 9.417461407215204083e-01 -9.197369442959657526e-01 1.540455264123188561e+00 -6.272168473666233091e-01 4.749864271609138378e+00
-1.722552288505512452e+00 1.620471706249928312e+00 -2.962969920933608670e+00 -1.422922445925617341e+00 -1.605010927523603748e+00 -4.938145014244045505e+00
3.001538358777868995e-02 1.222064544910588246e+00 -1.136283242689476003e+00 3.477967752171683191e+00 9.086979477842618835e-02 2.806505658618268839e+00
-4.356734640196834873e-01 1.154241879626978662e+00 -1.141208202210639344e+00 1.598828867341612670e+00 4.358533795258967003e-01 4.681471691335865160e+00
-1.278597634203864741e+00 2.035925967581280194e-01 -7.026754914621279324e-01 1.427811113989806646e+00 1.315091236694141630e+00 3.659080686041814801e+00
-1.025269951630171317e+00 2.433943388888739900e-01 -2.998403558007624037e-01 1.536548928714817519e+00 1.026240953302756997e+00 -3.075569536525330605e+00
4.424822020533958344e-02 9.641819159622840862e-01 -1.242123573722760721e+00 2.981554453976960062e+00 -2.813468814166982246e-01 3.295440667089303055e+00
-5.119278899816877004e-01 4.790443099574037134e-01 -1.748379102242137925e-02 2.241066776373602298e+00 6.752137074757706969e-01 3.919290530982326715e+00
-1.818933469483070331e+00 1.683462384813119606e+00 -2.267953010706715400e+00 -1.431899351998288772e+00 -1.777077265354678470e+00 -5.684289296492637256e+00
-1.761576275953372184e+00 1.091117863055119486e+00 -8.930995988086770643e-01 1.532820907743572159e+00 1.757797487264507685e+00 -3.343177493030855985e+00
-1.827869865095259339e-01 9.348775165933491671e-01 -8.916927379333426940e-01 1.800442308701987626e+00 1.877632157084010711e-01 4.478784894023416285e+00
2.643338885016864315e-01 2.518691160752204450e-01 -6.266903007908329881e-01 -6.367225763861731336e-01 4.550164034868787177e-01 5.863113302025391160e-01
1.453565317606615892e+00 6.127309096434985225e-01 -6.227188063363360282e-01 1.571968320802796582e+00 -1.453565025661001764e+00 -1.004946364929657637e-02
2.869365209817652307e+00 8.708630226267852770e-01 -6.709291952709873774e-01 2.189301248904890418e+00 3.362839561910904163e-01 4.066411740925310880e+00
2.908867852091546524e+00 6.685309385524449421e-01 -5.554866514244020115e-01 2.015210949439346866e+00 2.582795608455082381e-01 4.254747255737981959e+00
-1.619479532615373474e+00 6.420108567618877382e-01 -3.656242993660204776e-01 -1.584088669150051309e+00 -1.617625092265015496e+00 -2.767051320910390300e-01
-1.312262058300960765e+00 1.677943675014269831e-01 9.330829295336198759e-02 -1.502625632060741623e+00 -1.321210625411600503e+00 -2.696676993139933698e-01
-1.448518783551101752e+00 -2.960644549509602527e-02 -2.230878960721648374e-01 1.540086208619926733e+00 1.452415681956223281e+00 -2.887085698769129571e+00
3.125528732610205029e+00 9.207731591888115297e-01 -8.232851087751703600e-01 2.976925767575359316e+00 9.879756360517985558e-02 3.305475580450245143e+00
-5.926476900962774907e-01 3.375882597442274036e-01 -7.063832415984612201e-01 1.079317586684314767e+00 6.861399056664689855e-01 5.317636791511265670e+00
-3.104263410374703547e-01 3.312940124891140536e-01 -8.808224795102968796e-02 -9.266879971821934125e-01 -3.919158752918461830e-01 8.884491762722557251e-01
-1.737580026370798780e+00 2.028531648966474255e-01 -1.484950908748715603e-01 1.561649640876246581e+00 1.737335961666092388e+00 -3.196707127143696869e+00
-3.326153447449592959e-01 1.295850735861063252e-01 -1.679708144914665857e-01 -1.681252995528997651e+00 -3.347404238989869496e-01 1.687697961964122806e+00
2.685083335012400374e-01 1.587834333779270524e-01 4.015504282090787691e-01 -2.663773946413157123e+00 6.150802718209082975e-01 2.741463816550607113e+00
2.953951396162779464e-01 1.397024736389813615e-01 -6.300880794590035805e-01 -5.735830901830833994e-01 5.662123134928342960e-01 4.991599790409201320e-01
-4.200568630420040694e-01 5.425560097506920698e-01 -3.632590202000111068e-01 -1.190794550470700042e+00 -4.546186934145965419e-01 1.152476192786952680e+00
-1.639779139475123548e+00 8.092826811112552310e-01 -3.869963511486472219e-01 -1.599104082820984152e+00 -1.633704845417832452e+00 -4.231850048542849518e-01
-1.295711473303764016e+00 7.305723912177504165e-01 -8.623385055099987984e-01 -1.607856608569522727e+00 -1.298151409598366834e+00 1.368445137864164329e-01
1.387710414662934433e+00 4.999415361130802316e-01 -1.675780271215728257e-01 1.510450472511890352e+00 -1.397829893679818358e+00 3.376047555388697607e-01
-1.983674761794855135e+00 8.518874491789006909e-01 -1.800837859419110343e+00 -1.228737063170252997e+00 -1.806713335969637457e+00 -5.293300766598474816e+00
-1.388040775963550022e+00 1.688876792010993055e+00 -2.742548821949213345e+00 -1.730091152842361257e+00 -1.480821829144049140e+00 -5.222320130168845331e+00
-1.092847538920311834e+00 1.876410269837710310e+00 -2.856906430034515942e+00 -1.977193494484575931e+00 -1.311894024741592446e+00 -5.249049672391693733e+00
-1.437822932793711539e+00 6.151409338638199609e-01 -5.625884290097794560e-01 1.577826955794969566e+00 1.438001998611791343e+00 3.088565592669538784e+00
1.934077614407520240e+00 1.112314864044325891e+00 -9.967740911780009760e-01 -1.526996898096604882e+00 1.931538235372384893e+00 3.265126470537354830e+00
-2.116394098290059755e-01 1.604615199022894068e-01 -4.883861631008821758e-01 5.881508561561828996e-01 3.882099326922136551e-01 -5.530089268712823358e-01
-3.569298185227934295e-01 2.358543916417577269e-01 -1.949864464856555513e-01 1.680087927009503490e+00 3.591619743635839912e-01 4.595725311633304777e+00
6.518146368983548378e-01 7.368383670596662105e-01 -8.409705820395966258e-01 -1.435379342291371207e+00 6.588848806851542728e-01 1.400159032111300439e+00
-1.862574507619303710e-01 1.305396751532094356e-02 4.909336035485687560e-02 1.889505441815007680e+00 1.962384926950756225e-01 4.387874115638089378e+00
-1.035193660143952199e+00 3.380020112848517999e-01 -7.420041603946040398e-01 1.341612450494725772e+00 1.082322763444589997e+00 3.602936826125642700e+00
-1.561612914219919990e+00 8.936319967261842079e-01 -2.099922772542651028e+00 -1.579377854287556726e+00 -1.567516409355669049e+00 -5.076876555506609989e+00
4.101012284869293839e-02 7.721821246746498613e-01 -9.954339195415669028e-01 -1.835393949603140451e-01 2.269211318866563853e-01 1.789414007112801741e-01
3.190587463032207305e-01 8.836143743845529253e-01 -6.936865134230359997e-01 -2.089869767466988826e+00 3.696423866897994848e-01 2.120518902269886041e+00
-1.151838646200857186e+00 8.129755846674511233e-01 -4.723444941108925210e-01 1.718496875865310303e+00 1.177280016035415544e+00 2.771459277447057001e+00
-1.453442421981516297e+00 3.707949163330758746e-01 -2.434403227448185825e-01 1.585764519585089571e+00 1.454401977692426629e+00 -3.269811809387504375e+00
-1.889319004128533708e+00 8.996369676126459991e-01 -1.990899142616636697e+00 -1.286181115369805061e+00 -1.715779854111372904e+00 -5.171110679326786475e+00
1.438223490357679601e+00 6.930893271733759020e-01 -7.341515450449062063e-01 -1.565325747314643579e+00 1.438330171681745373e+00 3.100173561931585997e+00
-2.590816779059982089e+00 -9.127395311216810470e-01 -2.081530906810333370e+00 -1.336223631441207038e+00 -5.681637549608035131e-01 -1.847067153754133439e+00
-3.681564405627131276e-01 1.688142233614138288e+00 -2.882740072955153554e+00 -2.748441888254316900e+00 -1.220935760349231680e+00 -3.282804583543573074e+00
2.723260600493967232e+00 1.077527466303969783e+00 -1.006076332158658992e+00 1.730076703509334513e+00 4.240329107423185251e-01 4.537935832371457145e+00
-1.744900422614067637e+00 6.014857253045340357e-01 -1.038640513639997875e+00 1.645122545424761551e+00 1.728377535146951915e+00 -2.698570575481547884e+00
-1.844020099534512847e+00 3.081711859098125728e-01 1.661761987251575978e-01 1.443490189128300294e+00 1.813203407515754151e+00 2.651712450001288079e+00
3.018327065235618001e+00 6.050395152080786376e-01 -7.610125739953516044e-01 6.735473501804855045e-01 1.984876015281608896e-01 5.619283122348869064e+00
-1.134441540281248884e+00 1.861456187157947584e+00 -3.091650956909796299e+00 -1.984927898258671997e+00 -1.429137184933184646e+00 -5.023176804018853581e+00
2.676396204125060761e-03 3.550006838791889829e-01 -1.237500927703969189e-01 3.153674730738029730e+00 2.312657154454230424e-01 3.129822239895708513e+00
-1.437454675633521806e+00 2.370111191799929851e-01 -4.339006208048338809e-01 -1.597025858282350663e+00 -1.440040553442096138e+00 1.985997550711474657e-01
-7.814804294810338836e-02 3.948531395035716485e-01 1.400307622892512371e-01 -1.525626095993845022e-01 -5.400109115589725173e-01 1.311372045555878607e-01
-1.503183566458104581e+00 1.372918763139917342e+00 -2.261279635330670335e+00 -1.623300489448707973e+00 -1.528167819390378046e+00 -5.393700097742137878e+00
-1.354262301735381202e+00 1.883501438762057001e+00 -2.323413278493107192e+00 -1.664209959249456361e+00 -1.375154973906485889e+00 -5.834094034621288394e+00
2.865254934286958655e+00 8.212107567439921318e-01 -9.837372831997179823e-01 1.052389518328180840e+00 3.195284033023364501e-01 5.253445186091222574e+00
1.838905042921129995e+00 8.750180644656634366e-01 -1.169894385150450633e+00 -1.650467221845124399e+00 1.827060539869149070e+00 2.836449258990668465e+00
-1.136112855337723104e+00 7.232731327169780178e-01 -7.292166808986374482e-01 1.568045925349518699e+00 1.136115735933664661e+00 3.148135373742706911e+00
-1.795054408448879979e+00 1.624147773518077376e+00 -2.959988186614249450e+00 -1.352505370497028903e+00 -1.622584067800310281e+00 -4.941661142528242401e+00
-1.504049380262394653e+00 1.638888154445334200e+00 -2.571166741683811097e+00 -1.624424023249584570e+00 -1.531028629469954883e+00 -5.349833613228658358e+00
-1.801741826754227560e+00 1.279340719559637130e+00 -2.516695575659461781e+00 -1.352159663558645697e+00 -1.645777296225501951e+00 -5.037590236350794726e+00
6.855191622669239981e-01 7.267846885707257565e-01 -5.222916370348761328e-01 -1.814139697772911841e+00 7.106155068721304868e-01 1.887334901980120216e+00
-1.185139279223277775e+00 1.798164070018166694e+00 -2.892544959966463658e+00 -1.917046378935964412e+00 -1.397417253602701193e+00 -5.158403589776741072e+00
-1.168030415889589779e+00 1.587602151634132985e+00 -2.417953430912548551e+00 -1.875509676722486141e+00 -1.303184246553922288e+00 -5.411496125888253239e+00
-2.904503253069160018e-01 5.504857999303930383e-01 -7.048765146627488098e-01 1.095500658372664526e+00 3.279096182954475136e-01 -1.072876860246302355e+00
-1.357699489847528529e+00 6.453032093699084815e-01 -4.454866685690785366e-01 1.613725457304488797e+00 1.361997929700472953e+00 2.937269676087353787e+00
1.562561062128114076e+00 4.814636877122647207e-01 -9.568314687779067018e-01 -1.567028907554215866e+00 1.563468142968071239e+00 2.666215479582311421e+00
6.650629477431956316e-01 8.757368717585667373e-01 -1.096396617110823479e+00 1.842975882390341935e+00 -6.954029799067755757e-01 4.363729977177276176e+00
-1.882248336474062755e+00 4.972605549748764231e-01 -1.221529168110902175e+00 1.780952845377590243e+00 1.802374687461404612e+00 -2.392793782713798389e+00
-2.064789501345574985e-01 2.821492198692056586e-01 -8.948383552277131558e-01 3.492883956625564834e-01 6.422974328223702845e-01 -2.837693552465103686e-01
-1.487684640318658547e+00 1.542235493527739365e+00 -2.421876618964768024e+00 -1.634897382600811522e+00 -1.517849562634805638e+00 -5.401840609285491368e+00
7.014093429728192053e-01 8.496755564446608622e-01 -4.981669611761386229e-01 -1.957819928272356957e+00 7.709891770809650380e-01 2.087569764033468278e+00
-4.308613795712920025e-01 9.254609616993054733e-01 -6.234285184686461090e-01 -9.963750639678187193e-01 -5.206883435908509217e-01 9.298004437249636212e-01
-4.951263713168971292e-01 3.521321538960485165e-01 -7.819385677074706109e-01 9.136054874993329022e-01 6.436979053986680022e-01 5.479804872567108909e+00
-4.425022855812691391e-01 1.194103507646927298e+00 -1.964092343073012614e+00 -2.543955853097920716e+00 -8.648264800613674197e-01 -3.557438591655060822e+00
1.142573923561409854e+00 8.796742424220055367e-01 -1.128692207165938433e+00 -1.458773652543488231e+00 1.156603168777289525e+00 2.869018894862394919e+00
-3.190571462716921824e-01 1.435953831517816914e-01 -4.609771115672420816e-01 8.137055548791496395e-01 4.461705028471339984e-01 -7.622194546288336703e-01
-1.444436752202872931e+00 7.890207344224704489e-01 -1.189681319995301356e+00 1.521290929654605550e+00 1.454484935766455322e+00 3.545132965096091660e+00
1.775365823105992114e+00 1.652470471328175705e+00 -2.141201040091968988e+00 -1.667899061246640002e+00 1.751142016386607159e+00 2.644079945446907054e+00
2.652387897744841183e-01 8.163655309772430702e-01 -8.428995875783675817e-01 1.668302641373491602e+00 -2.665331863629988307e-01 4.611343210661761560e+00
-1.484495976214850188e-01 2.705183597909466831e-01 -2.115313484441472269e-01 1.946709232589931116e+00 1.596600440882101901e-01 4.332088935456705592e+00
1.486945284587194438e+00 9.920101907293755739e-01 -6.835611983977610828e-01 1.545283181701987640e+00 -1.490905589858482205e+00 3.094748873211787821e-01
-1.289812266842745414e+00 1.376843889743710192e-01 2.903411372064182774e-02 -1.522928377545597955e+00 -1.293807353589769615e+00 -1.734013063703967461e-01
1.432549757165925586e+00 1.077779607222279612e+00 -8.190992756449957390e-01 -1.606375955328570582e+00 1.437171761602984654e+00 3.402659437304522694e+00
-1.502057556723946252e+00 4.724849241378314413e-01 -7.583334374840587921e-01 1.551388598503582017e+00 1.504845012490796163e+00 3.428075647332720077e+00
-9.632316584300426587e-02 4.771574441848915327e-01 3.404291952598907656e-02 -1.948379045813219690e-01 -5.194068055698688458e-01 1.696512222987085761e-01
-1.517967167890677538e-01 3.084701260547594304e-01 6.051617138622176345e-02 2.740640660329094480e+00 3.976656359188794343e-01 3.514165779862469918e+00
-4.958699971289808883e-01 5.360987680285349555e-01 -5.927830480100117205e-02 2.274309850752938900e+00 6.738097004537912937e-01 -2.397199946919047697e+00
-1.266875089390177234e+00 8.827002291147577340e-02 -4.645300559262544038e-01 1.456065043292956496e+00 1.288736502235669601e+00 3.534150537233209821e+00
1.722031726853748168e+00 7.335588859068097323e-01 -7.646766965428853924e-01 -1.575538167727065009e+00 1.721952275924661491e+00 3.110121284776120376e+00
3.027500507229835547e-01 3.559949125717352114e-01 1.670365772509813940e-01 5.587240653761634812e-01 -5.972113400083109980e-01 -4.771169686332374926e-01
-1.994531900319456152e+00 1.682392898288080474e+00 -2.383349327359362668e+00 -1.287696951522387057e+00 -1.890430259540046842e+00 -5.536289631388476629e+00
5.257945430484900484e-01 6.500455184853602963e-01 -7.684155475577566508e-01 1.771620028971979899e+00 -5.377346128772847456e-01 4.479674704897843363e+00
-2.902006548462493507e-01 3.320239874446245243e-01 -5.570831222352312651e-01 9.288915952146337141e-01 3.652888533974755769e-01 -8.958685271563829877e-01
1.788642793983714174e+00 7.249559231089975908e-01 -9.488625163502775184e-01 -1.619907157836302236e+00 1.783114650931536760e+00 2.912456284570682730e+00
1.905863569166245330e+00 6.995847661732031986e-01 -1.072782918199166824e+00 -1.697070536226091386e+00 1.881987313961298813e+00 2.748564532703756669e+00
-1.761050352363961125e+00 1.771505471693267220e+00 -2.240167443919694801e+00 -1.484026323722815954e+00 -1.740318427232958376e+00 -5.807141354183517734e+00
-1.796087471221938348e+00 8.334991750834288560e-01 -1.008527446946975825e+00 1.610683554641080928e+00 1.792581538695309673e+00 -2.962126454297376199e+00
-1.708757878060815472e+00 1.535603975511357744e+00 -2.449366551561086069e+00 -1.461299839076154239e+00 -1.654884997570176708e+00 -5.364805566653715552e+00
1.495081939538899674e+00 9.574877798792889028e-01 -1.092744246424099952e+00 1.581023353131117748e+00 -1.495768445588078643e+00 -1.356366050932504841e-01
-3.826114568653920522e-01 1.089479937268973631e+00 -9.420619133788247224e-01 -1.220768761870153929e+00 -4.087178431896137387e-01 1.192168238410088676e+00
-1.808292489248955581e+00 1.471293069317577640e+00 -2.242777509417149151e+00 -1.403604434572841120e+00 -1.740258978477364771e+00 -5.497462122967110787e+00
4.483194846766239139e-01 2.454593815475279717e-01 -6.297850148464357867e-01 -9.086173781230489910e-01 5.818743848994367696e-01 8.199584660646892509e-01
-1.746459186473154457e+00 1.143621864739156724e+00 -1.273430490044501928e+00 1.593767671621925119e+00 1.744959839399202295e+00 -3.009780699913696012e+00
-1.947172144638127822e+00 4.594346172547866813e-01 -3.715373677994611712e-01 1.536119921453972914e+00 1.945651665469126046e+00 -3.236058967293369726e+00
1.501983142528900528e+00 1.166651433932874626e+00 -1.355241934222321198e+00 1.583715915571430655e+00 -1.503198669716636182e+00 -1.890256088913422616e-01
1.482730436704334798e+00 3.685232442907781514e-01 -4.037708717041527673e-01 1.573903729564439802e+00 -1.482779856499970572e+00 -3.537700470262914593e-02
-1.713311093534123586e+00 1.775238943260123436e+00 -2.273247604021765955e+00 -1.502363214762617583e+00 -1.695897012218126276e+00 -5.780883646757148497e+00
-1.530132968023146134e+00 4.095320093883494383e-01 -9.805023051506869813e-02 1.583268070991891152e+00 1.532086179645186785e+00 2.829862505429702413e+00
-1.502365891805042653e+00 3.196010628773026663e-01 5.096255695234920557e-02 1.595615345991133971e+00 1.507012879213050383e+00 2.770230529415072862e+00
-2.034006402602913877e+00 2.409662052015913991e-01 2.292773287746988353e-01 1.348238473408803317e+00 1.980479955924328239e+00 2.624921213956873167e+00
-2.430359231044449675e-01 2.560051374303961569e-01 -4.454191581878465533e-01 9.211139937120101928e-01 3.069770128151906308e-01 -8.979152014672976412e-01
-1.204164763474714128e+00 2.354053092665602809e-01 -8.483490682870007404e-01 1.353390433197796172e+00 1.273200895967582902e+00 3.787246308968630792e+00
-1.798427772330049912e+00 4.392869710376834380e-01 -2.453845890242874472e-01 1.526190708173199351e+00 1.794094110102904427e+00 -3.340488906166689809e+00
8.273142514805546799e-02 4.405245520049680397e-01 -7.316875678644363390e-01 2.860630220386588984e+00 -3.023590902969097716e-01 3.410419332817832494e+00
1.169425605142515243e-02 1.132592390108065450e+00 -9.760426486469416796e-01 7.452705067064976929e-02 -1.569775573031756410e-01 -7.361004634240178590e-02
-1.132827306656418509e+00 5.472634867758150445e-01 -1.246247127002836130e+00 1.278127936562936551e+00 1.240150075210365355e+00 3.889744577749058685e+00
3.061486023950554802e+00 9.583068587987584319e-01 -8.403438223469060775e-01 2.543407727479129132e+00 1.424882856722188007e-01 3.735045062906582558e+00
-1.611495839052027979e+00 1.205506489171600304e+00 -1.118688918844783720e+00 1.567266353795616407e+00 1.611336026427875767e+00 3.054700053804664694e+00
-1.850175021047047563e+00 2.413501664943502878e-01 -3.878560871265807064e-01 1.612649978083301683e+00 1.847098217468742920e+00 -2.989274273460815756e+00
2.799178251265406647e+00 9.183582303667109370e-01 -9.211542606719222981e-01 1.563045338185353961e+00 3.424234949055490196e-01 4.720623850657104548e+00
-1.257889468212223250e+00 1.775295983179881354e+00 -2.921211425739026257e+00 -1.857452703585249054e+00 -1.443560888737684733e+00 -5.118875809103609953e+00
-1.465129854613872462e+00 1.891752462344548968e+00 -3.068454822449599106e+00 -1.668419974894372215e+00 -1.530283882385855554e+00 -5.104496832313447641e+00
-1.598384932335494391e+00 1.674075897374283750e+00 -2.526230439851823384e+00 -1.550030187363465206e+00 -1.588952585897707825e+00 -5.430835893018295835e+00
-5.401986111480292507e-01 7.703950648012526381e-01 -1.769175085258061220e+00 -2.522037952683332307e+00 -1.088007949267705943e+00 -3.461347380918982974e+00
-4.951038519720526443e-01 8.791062139462904046e-01 -1.939979815025042020e+00 -2.587562383164256019e+00 -1.126857282769614610e+00 -3.401304652035033627e+00
-2.699480900633223768e-01 1.132643765889538745e+00 -1.194919464501756456e+00 1.349633041753327323e+00 2.768653199319378033e-01 4.942012212761096812e+00
-1.250239296420412982e+00 1.179214468090562518e+00 -1.189238134833851657e+00 1.567471672899752866e+00 1.250249951455455921e+00 3.152150308133983447e+00
1.812794266017649925e-01 2.105413865638958715e-01 -6.317855341450451245e-01 -4.215015442977926852e-01 4.564337012898307955e-01 3.826428193729345950e-01
3.072460805098140568e+00 7.451699639485585003e-01 -5.317081006717162550e-01 2.825286658197933232e+00 2.242130619377354084e-01 3.450488422420566081e+00
2.992348765540025005e-02 3.775886608873288419e-01 -5.398156231351940448e-01 -1.838002480688325502e-01 1.649386411372994465e-01 1.813669955173217163e-01
-4.472006414890511983e-01 5.136279599494214532e-01 -2.418802697715935757e-01 -1.060462728017089740e+00 -5.184818911576372091e-01 9.983043738283191582e-01
-1.082173641851914780e+00 1.899502789831857275e-01 1.605650535695669068e-01 1.751370148882199329e+00 1.114228098565718250e+00 2.749005175987436544e+00
2.589323452823190319e+00 1.132970777068181611e+00 -1.101823140097381692e+00 1.621320012591100923e+00 5.530527600535123378e-01 4.653038452130306979e+00
1.840285200569640942e-02 5.870432495517606819e-01 -2.336067607576951949e-02 3.175912034492256453e+00 5.639459650770014543e-01 3.112599774677339948e+00
-1.346240893172302888e+00 2.077744662709892220e-01 7.153933000174363122e-02 1.633691587791475275e+00 1.355079582674514116e+00 2.855458045524818633e+00
3.529741562988767400e-01 1.965261519450734740e-01 -7.514063007033922048e-01 -6.102026841464066598e-01 6.475612286957324049e-01 5.087117727304386605e-01
2.326626747513596549e-01 4.026433061789727041e-01 -3.446704471649331136e-01 -1.810361891658046618e+00 2.396494249719514635e-01 1.817139054579831381e+00
6.450930603201750213e-02 1.395047191897970107e-01 3.699368330394527810e-02 3.521090220771586066e-01 -1.878035075515399055e-01 -3.463999577436829846e-01
2.942603983748027563e+00 9.370505233958552616e-01 -1.011958182088726010e+00 1.215594186124834497e+00 2.124442140056709005e-01 5.075072470199502916e+00
-1.704043692887533323e+00 1.363124421817062948e-01 1.595041091144961121e-01 -1.609850969891702288e+00 -1.698218981427591201e+00 -2.983144261952639376e-01
1.572120672648384510e+00 7.845117845006105428e-01 -4.308192923481922731e-01 -1.570335095283634352e+00 1.572043804172124082e+00 3.495278757725731378e+00
1.638401320845089382e+00 1.110661690789673584e+00 -1.179338127625189747e+00 1.566149403891647029e+00 -1.638235419233310397e+00 -6.883026546645448773e-02
-2.977212643370436229e+00 -7.049292437950773760e-01 -2.657885053869974978e+00 -2.494513489986005084e+00 -2.748037918509221300e-01 -6.911967824189115817e+00
-1.316268658161140692e+00 1.824384093308227817e-01 4.091244907383017604e-01 1.714874136212360956e+00 1.360246610172996418e+00 2.534781132756929178e+00
1.730079994879896610e+00 5.775521989410830059e-01 -2.137740802282617758e-01 -1.513699271912319899e+00 1.719580993181447637e+00 3.509620184907012330e+00
-2.931160968123033950e+00 -5.838280868762162346e-01 -2.518485639015024091e+00 -1.388740111651714848e+00 -2.140138871633584239e-01 -1.757000651449603046e+00
-1.459057424334554876e+00 1.743005943207525332e+00 -3.108648412897898616e+00 -1.680214177024799582e+00 -1.548074813295638785e+00 -4.916291962025988838e+00
-3.630051020168326148e-01 1.490755404657442940e+00 -2.016153904452612000e+00 6.481832050501994402e-01 6.287776270653712141e-01 -5.495597753021627119e-01
-1.134549598628729200e-02 5.663622308654011617e-01 -7.968133321431434268e-01 3.190790563535952806e+00 -2.307261920775607322e-01 3.093707068929129722e+00
-1.183822184304268665e+00 1.250757651501198220e+00 -1.324474578269092762e+00 1.540793739311353328e+00 1.184922702969853470e+00 3.221169014927146801e+00
-3.978586814051137122e-01 1.088608016539520384e-01 -3.522403474978386684e-01 1.050056992886451157e+00 4.629870902812692757e-01 -1.000759981759500317e+00
-1.549262766945057157e+00 6.111579466427225632e-02 2.595718910133185675e-01 1.577587988596530710e+00 1.550356103704855215e+00 -3.462353816119112970e+00
-1.274346080721243890e+00 1.306313765940876559e+00 -2.103176309216700623e+00 -1.785869321094412099e+00 -1.365161673961597932e+00 -5.464042622444488906e+00
-1.907382288583909569e+00 1.129415470219533368e+00 -2.220027879484887556e+00 -1.269889816010707939e+00 -1.723951171055988940e+00 -5.169304691993270140e+00
-8.610504164663937421e-02 6.095742909900758733e-01 -3.116311923486555502e-01 -2.862857713265649640e-01 -3.097772698326350937e-01 2.733539581753779424e-01
2.544457378190290608e+00 1.281823779721813050e+00 -1.339678540003067742e+00 1.485972097360020339e+00 5.995877711154643519e-01 4.815023620084192935e+00
-1.547067558274142218e-01 6.801098602223598633e-01 -1.200207118968794395e+00 3.040907059187900607e-01 5.405802286322134442e-01 -2.628508071036609328e-01
2.630308612924559530e-01 3.772186376618965609e-01 -6.551319144633686031e-01 2.365664212878303641e+00 -3.802970797831390914e-01 3.880525464496779708e+00
-1.133570815935665443e+00 2.908439385240561559e-01 1.329721910422755893e-01 1.760705144732114480e+00 1.174539328968975171e+00 2.679529246857716096e+00
-2.678554341657110038e-01 7.327640237489969621e-01 -5.685782827072275447e-01 2.108104511252921753e+00 3.131373402439771580e-01 4.152911080005918798e+00
-1.118839627071457121e+00 9.167193109440658905e-01 -1.352927669160103985e+00 -1.773102234896885454e+00 -1.163816799717898975e+00 4.780873548538883133e-01
-1.681433702663879037e+00 -4.154260320794422867e-02 -1.379944483869047500e-01 1.590633052044557072e+00 1.679643350751757636e+00 -2.960982347654305791e+00
-1.335772518699728684e+00 5.377167771142096209e-01 -1.565194088841928843e-01 1.659650902015042284e+00 1.352921939041576538e+00 2.750663162072509937e+00
-2.149269773994376020e+00 1.114217168543002678e+00 -1.894323609855538049e+00 -1.140248303747383618e+00 -1.969953908673230059e+00 -5.414674057780397121e+00
-1.518304372407779379e+00 1.858203955899206727e+00 -2.604080977332372093e+00 -1.606438833729605165e+00 -1.532244347680309371e+00 -5.536614620329048719e+00
-1.776782283773154170e+00 3.696361211849651385e-01 -3.845248908766291107e-01 1.573906842705254716e+00 1.776753881280264125e+00 3.156795414329329308e+00
-2.059327235031645831e+00 1.894334665021138342e+00 -2.799663396420352779e+00 -1.174787153044657195e+00 -1.864782766370315370e+00 -5.318453793908439309e+00
