1.181290585949780425e+00 7.829993204328807854e-01 -1.305856086421797624e+00 -1.368624209493648047e+00 1.235547872873568265e+00 2.584415387530184294e+00
-2.933051422615092552e+00 -7.567084408867921219e-01 -2.839660618036931705e+00 -2.692770962399719803e+00 -4.972564380938105932e-01 -6.683588195927003817e+00
-8.587330906617807180e-02 4.948740317216692580e-02 -3.021459304195132645e-01 3.313662265508943716e-01 2.665587294984382849e-01 -3.204541467413248856e-01
5.725863905700754319e-01 6.420660023727393639e-01 -1.785239051805293520e-01 -2.177172200180285344e+00 7.199946969375504713e-01 2.315904564722862435e+00
-1.394958917438494872e+00 1.658392656506685547e+00 -2.144868018057972225e+00 -1.653673063073845206e+00 -1.415529579022188678e+00 -5.790255166698967670e+00
8.863011294221982694e-02 3.699997768011376031e-01 2.844495472581950457e-01 3.286491607409791627e+00 6.595530519370450540e-01 3.026792691475500341e+00
3.136055324823071810e+00 6.103611170646917605e-01 -9.020390161396933948e-01 3.160533437235576670e+00 -2.917246847324439507e-01 3.123464226413325662e+00
-2.715260868151507356e+00 -1.082349301848767542e+00 -2.161977983727440211e+00 -1.792926033613415182e+00 -4.377942698326053872e-01 -1.326410989677626828e+00
-1.668110966345607071e+00 7.247765793519731492e-01 -1.166787849201808003e+00 1.612531675384317076e+00 1.658726742767004492e+00 3.585437390518658507e+00
1.862310147498598356e+00 4.163890615205984025e-01 -4.395567271244822938e-01 1.563847145867656829e+00 -1.862224500090356116e+00 -2.417988994673395814e-02
-3.179016287781482042e-01 1.777953339624524620e+00 -2.102104928878969936e+00 -2.339940628076613738e+00 -4.500526597789183403e-01 -3.890834605019387826e+00
-1.800792361118397578e+00 1.671088533388584985e+00 -2.252197747191210464e+00 -1.442965998303914477e+00 -1.762515095813997679e+00 -5.689762797129802152e+00
9.379959832260567620e-02 -1.011258539594139944e-01 -3.781551648735482617e-03 2.410165363010888573e+00 -1.406120960045451340e-01 3.868092139533031659e+00
5.406125490975610681e-01 1.778547593759282341e-01 -3.269650587054006019e-01 1.813491911387630884e+00 -5.588261477086733375e-01 4.428306662136746397e+00
-1.737872748230801845e+00 4.001752120986662442e-01 -5.489955536783484025e-01 1.595797141727614221e+00 1.736003446947180784e+00 3.292476194778234611e+00
3.056008828648449249e+00 4.167859239451052744e-01 -5.383285585186979860e-01 6.163090926859251528e-01 1.485276689698642461e-01 5.672087252350843656e+00
-1.377262619113253539e+00 1.278002419503835752e+00 -1.284831694423279158e+00 -1.572133076593388079e+00 -1.377260905364449117e+00 6.956659684803259691e-03
1.581640638256748499e+00 6.799643585759905795e-01 -1.068125620239746887e+00 -1.574902148795085388e+00 1.580827692395178730e+00 2.753414490765071498e+00
-4.083334153770598607e-01 1.559015013866791033e-01 -3.489193259539573599e-01 1.153362268879497332e+00 4.493278393628936662e-01 -1.113279290128373455e+00
-4.979002182919963770e-01 2.510082015251942078e-01 -2.328944963553807312e-01 -1.537385024520142141e+00 -4.982008178484370609e-01 1.532780789952545630e+00
-4.359362693639510233e-01 3.393378932173873319e-01 2.752092238664664570e-01 -6.794697635015335413e-01 -7.368062662621333025e-01 5.391361036675177409e-01
1.886910768432955132e+00 6.647658640341824743e-01 -9.607745632869378882e-01 -1.665918711376739303e+00 1.872712458721925488e+00 2.831108151586348320e+00
3.560577653476880433e-02 -4.406282972832521738e-02 -5.629464060479273668e-02 -3.408767499757198172e-01 1.064670334368136434e-01 3.390887570097975146e-01
3.137917272253843315e+00 3.893909220345153632e-01 -6.634527081561714112e-01 3.154839178012215140e+00 -2.740859470278115273e-01 3.128851970243930580e+00
-1.248192369753486020e+00 6.116053519416034812e-01 -9.824262843980122728e-01 1.450250882143961695e+00 1.270823447770271342e+00 3.530646807706176116e+00
5.559078857947001850e-01 1.866853669603932619e+00 -2.341062623553780586e+00 -9.369836074935172787e-01 7.140871837207434236e-01 7.992964372034258025e-01
-2.216981130514054099e-01 2.874347580830318161e-01 -2.871138885792351436e-01 1.571943223017172153e+00 2.216987827503751340e-01 -1.571979559631581758e+00
-1.674346779306324917e+00 1.579846454550215551e+00 -2.224015659492659669e+00 -1.508469262402756694e+00 -1.653535254131718535e+00 -5.636430423954102764e+00
-3.264707481327985134e-02 1.593660873538717826e-01 4.009692595174551011e-01 -6.148675051528854074e-02 -5.611834418214618481e-01 5.208970389591453115e-02
2.918931595023163350e+00 4.882767497320051331e-01 -6.411316071020480845e-01 9.789734316047673524e-01 2.693567501970882683e-01 5.321333453613236841e+00
-5.928151180634096962e-01 1.689711518011747793e-01 -2.089305473749894504e-01 1.511487573660097672e+00 5.940009361172765567e-01 -1.499282980240181029e+00
-1.154623072144779661e+00 7.417848664901616207e-01 -1.019641872990324272e+00 1.450154697277419968e+00 1.171507005615939345e+00 3.443883101153323523e+00
-1.424315158384055868e+00 4.541203480193766184e-01 -7.465534914429371449e-01 -1.613299527854538784e+00 -1.430569874399031161e+00 2.954122940995006497e-01
-3.522828101969106562e-01 1.636296888142684036e+00 -2.225008435492815906e+00 -2.556827515697792652e+00 -6.751996625702229027e-01 -3.618545050547166131e+00
-1.535072187247093378e+00 1.573326040522617486e+00 -2.024895157316306982e+00 -1.586392359324322765e+00 -1.538648129796893693e+00 -5.831362091047622265e+00
1.882168233268286750e+00 1.136321050225724383e+00 -9.803758113762935933e-01 1.620742403444497048e+00 -1.878259221107603238e+00 1.636908880391028942e-01
1.220802491708631171e-01 4.567288035869584428e-01 -8.616481460294939110e-01 2.839657912065147727e+00 -4.219379824521571898e-01 3.418437921288801196e+00
5.526716998330215569e-01 1.803511059457016730e+00 -2.282942977359832870e+00 -9.286848002630235799e-01 7.148884708871445781e-01 7.902777242550661496e-01
1.382433344663920760e+00 6.466627099844860505e-01 -9.378447956688369391e-01 -1.516129332612460079e+00 1.390445400496519213e+00 2.845471341472292082e+00
2.942244371814925596e+00 1.831724900114322985e+00 -2.474746506318127537e+00 3.250063170512332844e-01 6.690023617509112119e-01 -2.584137234039350917e-01
-1.566754438459149412e+00 5.108323336039550799e-01 -8.552382727608439650e-01 1.569433466455096848e+00 1.566985933760492111e+00 -2.797189101327869132e+00
-1.397615875795545248e+00 1.884750988483508971e+00 -2.403427202710891386e+00 -1.657303387838724884e+00 -1.420574429816362061e+00 -5.757989425489455471e+00
-2.475085019654032006e-02 3.983226833397300881e-01 -7.216328639883959895e-01 3.219071615462941072e+00 -3.242249117535067060e-01 3.068148975999396288e+00
-1.598107947937480677e+00 1.370486238472765184e+00 -1.713149812715746512e+00 -1.561618012681311729e+00 -1.596513292230948844e+00 -5.940402578865451311e+00
-3.377563534661784383e-01 3.768349304115365395e-01 -3.857012456092831498e-01 1.545720068646231571e+00 3.378671622267209740e-01 4.738977746805913327e+00
2.690564352056898478e+00 7.743824396893536077e-01 -1.333026048835718180e+00 7.403703326481181346e-01 7.025755189050664207e-01 5.674228127509832298e+00
-1.292242000138106750e+00 1.898748491353013268e+00 -2.373113376192811597e+00 -1.700698391450039315e+00 -1.323679114477213981e+00 -5.792659477590381023e+00
-1.411748711139669821e+00 1.906516142321211582e+00 -2.747872954926176892e+00 -1.689822949511636141e+00 -1.465043883679737036e+00 -5.435514755616409843e+00
-1.735719537310221661e+00 4.809736357518640260e-01 -6.652176764410784315e-01 1.601278103249681894e+00 1.732908982608097892e+00 -2.954865957821020572e+00
1.421291627373333089e-01 8.420244492103029499e-02 -3.446078593462969519e-01 -5.070186757506511821e-01 2.958945506475417764e-01 4.883778710581335725e-01
-1.622269559123346250e+00 1.837049899615664783e+00 -2.587110979423417056e+00 -1.535693177081068894e+00 -1.608443242653910366e+00 -5.532456871644630958e+00
2.946311634776900945e+00 1.908342034716482782e+00 -2.549299413743686404e+00 3.194838760406682465e-01 6.660119796414830651e-01 -2.544819944482908936e-01
2.252338557574882216e-01 1.869777212162326618e+00 -2.671155610999801588e+00 -3.087798602173282281e-01 8.255567978078536262e-01 2.130372211065449939e-01
9.731275316526788455e-02 4.087298079829793096e-01 2.177800231183230628e-01 1.648811139594977271e-01 -6.330182073666255071e-01 -1.333402348576954444e-01
-1.746992206191875896e+00 5.566073085727785141e-01 -6.330320496030165112e-01 1.584389126358730415e+00 1.746466912786202030e+00 3.219208007404197325e+00
-1.335792953628052615e+00 4.077863843404705424e-01 -5.099525774527730038e-01 1.546388606084466266e+00 1.337035680039551533e+00 3.246616963758241603e+00
6.488988522504335332e-01 4.346509440139050828e-01 -5.066617963698291094e-01 1.665423030607283250e+00 -6.523115645002608431e-01 4.593533637695386140e+00
-1.913809437462156371e+00 1.704045423825931715e+00 -2.193638663148653745e+00 -1.404401168736153283e+00 -1.872146556110014792e+00 -5.768266587126355205e+00
9.399153099053625393e-02 4.707588827507355744e-01 -8.755528120895107458e-01 -2.348864270271112387e-01 4.149831877939448854e-01 2.155854699572255506e-01
-2.175474424058501943e-01 4.513329039750906824e-01 -5.349440715873909902e-01 1.209801635403597864e+00 2.328222302176323755e-01 5.082520238675154012e+00
-2.715219309337487452e+00 1.844225830745322092e+00 -2.346747460954738962e+00 -7.561612261029120319e-01 6.469742111656697769e-01 6.451426647856214336e-01
-1.668870817929737793e+00 1.756767031119598865e+00 -2.485994651726311844e+00 -1.505334568861782962e+00 -1.643871315202296124e+00 -5.551557791368188610e+00
-1.408779287857074403e+00 5.943679135735335795e-01 -7.503423652906288099e-01 1.545407103198043419e+00 1.410768934583659151e+00 -2.983576255717770298e+00
-1.317095117903445134e+00 4.121226191371332170e-01 -5.352371775621652672e-01 1.538972110543031180e+00 1.319051469214795436e+00 3.268726612166756418e+00
1.904163254236406200e-01 2.813321562506649887e-01 3.267286312646111579e-01 3.253150487264215296e-01 -6.335676161496661685e-01 -2.654097521418379846e-01
-1.885009409743589881e+00 1.528459596839635948e+00 -1.858815626420999179e+00 -1.465766940582823974e+00 -1.867479451619763031e+00 -5.937116968767409908e+00
-1.779108570618010754e+00 1.712915359311822927e+00 -2.330683277525955610e+00 -1.448968621018621450e+00 -1.740184146007228483e+00 -5.655056291763886911e+00
-3.347738893297583229e-01 1.931219917719050605e-01 -3.914090925771048779e-01 1.055401063548088825e+00 3.871817959929978459e-01 -1.021790686066035514e+00
-1.732805893701747924e-01 -9.710769955977996415e-02 3.332259075768375690e-03 1.079226731868784261e+00 1.968043245636608152e-01 -1.071076293114322286e+00
-2.026644912544507182e+00 1.838103025399898671e+00 -2.357054932300775452e+00 -1.332254449080730874e+00 -1.963035158854226747e+00 -5.716617481941486112e+00
-2.898674000134282558e-01 5.915527462932100855e-01 -8.363453486666085901e-01 8.883579645381978196e-01 3.771675460065376795e-01 -8.524535990597281732e-01
1.139492050102813403e+00 7.330846331314679887e-01 -2.874664090104884773e-01 -1.766597660980519180e+00 1.183995466812935549e+00 3.625666779935496908e+00
-9.694532511814826781e-02 2.520077803882243006e-01 4.089839458508198189e-01 -1.571210874952320702e-01 -6.670069231501006835e-01 1.238376459608185182e-01
-3.803689049848636428e-01 6.830741375974479501e-01 -8.831926344672538232e-01 1.109492529071879563e+00 4.275152312643917818e-01 5.212342535193345228e+00
5.760994591807281351e-01 6.137797472587058767e-01 -9.455731700176798205e-01 -1.105971159223109401e+00 6.553194076050312677e-01 1.006833626815702099e+00
-1.166875389271574553e-02 2.203284354294179626e-01 4.859461566910068253e-01 -1.806185242414526035e-02 -7.063548775583464723e-01 1.375691231118557692e-02
-4.595204329223999129e-01 3.939091128348541915e-01 1.832339935521601071e-01 2.405031241158804622e+00 7.210852853654515782e-01 3.739513661867817529e+00
1.355383593675478504e-01 6.995314946059909555e-01 -1.164387267394051406e+00 -2.952945437871783985e-01 4.828287479408310268e-01 2.631654750112639718e-01
-1.507264650488647773e+00 1.790769030028678488e+00 -2.583099283313254446e+00 -1.616063442422577712e+00 -1.526195078384555259e+00 -5.489838673712817751e+00
-1.285885783085460643e+00 1.812810919556208322e+00 -2.584379653070039584e+00 -1.772244385461373417e+00 -1.367926681915064835e+00 -5.491036970507367165e+00
-4.391359617475464883e-01 1.746196664708724144e+00 -2.300617700493577722e+00 7.285394804374623057e-01 6.926793456900804946e-01 -6.017119414131613109e-01
-1.549054042360426875e+00 1.547446484422875024e+00 -1.759560684417668330e+00 -1.575374937194994773e+00 -1.549534947996541678e+00 -6.071020980584797222e+00
-1.551278674050580841e+00 4.745486020579010034e-01 -8.634333150316123584e-01 1.563393306137917937e+00 1.552742085986062337e+00 -2.752636130350449406e+00
1.575609613741167703e+00 4.335786031095627546e-01 -6.846840593888007254e-01 -1.571994458438828790e+00 1.575452932660198480e+00 2.890490385954205266e+00
-1.620688635448445103e+00 1.827769367977869042e+00 -2.144000719688251344e+00 -1.555269939122860379e+00 -1.618206560639557479e+00 -5.966581590464997475e+00
5.069732365143755221e-02 5.384316617735181998e-01 -6.622918506454132936e-01 2.752510254302833914e+00 -1.337868784041578163e-01 3.527531051857998090e+00
1.758930288244823670e+00 4.811210382416619136e-01 -8.644226856132685155e-01 -1.641877566894014873e+00 1.745138240920431461e+00 2.752071553907030843e+00
-2.648600647253828710e-01 3.654004878463650297e-01 -4.741863856035353209e-01 1.190234275649126872e+00 2.858422878695191516e-01 5.107457094031524036e+00
-1.874792544619897861e+00 1.180070100839434977e+00 -1.090076782720777793e+00 1.542608132628995543e+00 1.873517256471451731e+00 3.047295701813383495e+00
-2.993106571202491240e-01 1.611191266864172356e+00 -2.229527241941453575e+00 -2.652433532614621559e+00 -6.783400503152636762e-01 -3.534503103772686838e+00
-2.907261181527879046e+00 -8.836271534241645353e-01 -2.601090851185995589e+00 -2.524357040504866312e+00 -4.128743437547273687e-01 -5.764518489978306404e-01
-8.503930545035368049e-02 2.288486354194512462e-01 4.743633165068688595e-01 -1.309779522160242071e-01 -7.074668570919057098e-01 9.976901182422376335e-02
-1.782708462190505605e+00 6.578726951119642230e-01 -9.771729543075196034e-01 1.638227358117394061e+00 1.771840928357839351e+00 -2.815492783397679943e+00
1.642993720907751865e+00 1.729876855053097184e+00 -2.008963137347235417e+00 -1.590717789747751132e+00 1.640202000298203178e+00 2.861818082307847178e+00
-1.726005217298116623e+00 1.754709528905976201e+00 -2.277585794538496522e+00 -1.492819458784811815e+00 -1.705125451395629099e+00 -5.755056068651115631e+00
1.986322258542646407e-02 3.587738341877780290e-01 -7.240210131714622799e-01 3.085825159140788809e+00 -3.657575781615415855e-01 3.193690439620376686e+00
-1.685348672489035953e-03 5.972235870758217657e-02 -2.434490869130693513e-01 8.780358170250929933e-03 1.837343749274196192e-01 -8.625727001064391330e-03
2.238527928337844253e-01 5.579736679615490136e-01 2.222156713690290331e-02 3.935339007290780122e-01 -6.172289262158878742e-01 -3.264563437633201670e-01
1.930908432158330301e+00 4.968708969059104086e-01 -6.801957092575660058e-01 -1.639327788769426197e+00 1.924601494007550873e+00 2.946018092142285827e+00
2.911416626752715953e+00 1.677750880588549265e+00 -1.979812109208934023e+00 6.672411670869097255e-01 3.776177181608129096e-01 -6.320587250073682606e-01
-5.426857799314238617e-01 2.889294628003122312e-01 -3.189503320904468753e-01 1.521148904113392542e+00 5.434305098005534074e-01 4.770389630466808306e+00
1.861106079617237175e+00 1.318019835705098508e+00 -1.318777233030849816e+00 -1.571022103077309051e+00 1.861099831775511415e+00 3.140804300189824705e+00
2.966947625437820868e+00 1.480318431574830562e+00 -1.907104560816955452e+00 4.029030827932002512e-01 4.590956893800569039e-01 -3.649670104926674985e-01
-1.397529556981845222e-01 3.418337448422335001e-01 -4.094264759793745379e-01 1.122758410827763065e+00 1.551460473017754471e-01 -1.118026210741148052e+00
-3.082262756368191248e+00 -8.651252976990743138e-01 -2.547308490531901448e+00 -2.923392712214201605e+00 -2.771081077363208856e-01 -6.493299885604881361e+00
-1.394478739542718282e+00 1.904492185627014944e+00 -2.683144395530195681e+00 -1.695284490629225260e+00 -1.445600999897599603e+00 -5.496713494130108124e+00
1.305602541819834927e+00 1.730990173469516780e+00 -2.422094067501149528e+00 -1.399391424028315400e+00 1.367446160929029153e+00 2.432964659713432898e+00
-4.994006526319947903e-01 4.517687986912867770e-01 -5.502904874682831293e-01 1.392481902435185548e+00 5.082158323537995237e-01 4.915848322860462360e+00
2.677318885195149711e+00 1.242952561432253855e+00 -1.122064782531492444e+00 1.807143964559922544e+00 4.786392497224236653e-01 4.447431018244608403e+00
2.546579894157477320e+00 8.454492015916742487e-01 -5.299108933092213647e-01 2.000649083656119931e+00 6.644510588680785368e-01 4.185056370625435562e+00
-2.791782473943371645e+00 -7.496919041083167645e-01 -2.014705889215004930e+00 -7.806540539760338238e-01 -5.086573574965989053e-01 -2.428369352258290537e+00
1.362300112996264634e+00 5.365574780354042117e-01 -8.921819490956929277e-01 -1.497269083542364987e+00 1.375513919056890799e+00 2.778768264528857834e+00
-5.854160911591349548e-01 3.190250518781084232e-01 -6.491506603234445949e-01 1.115965197051195235e+00 6.624753835618388820e-01 -1.015648167827453374e+00
-3.121969347850346854e-01 4.670746973161423177e-01 -7.384050181026992066e-01 8.776958400251760883e-01 4.106966252510707571e-01 -8.347374556061879503e-01
-8.131558550135978974e-03 1.800679214858829091e-01 -3.009819040450789629e-01 6.658503594708282958e-02 1.211859556236056651e-01 -6.609322546408465116e-02
-1.925585918231385918e+00 1.791169773490461692e+00 -2.386720404506717852e+00 -1.365893222274974450e+00 -1.862494990586522681e+00 -5.657425992417101313e+00
-1.571815259231510664e+00 5.902670234986768794e-01 -7.091357677568758122e-01 1.570919352288982163e+00 1.571802157953757995e+00 3.260455449786966220e+00
-1.317106545530017492e+00 5.421416625586358284e-01 -6.830581089312728338e-01 -1.607190050777443702e+00 -1.319669978114426101e+00 1.455038796464093731e-01
-3.292442043962631182e-01 4.580076716932892089e-01 1.336897888082026753e-01 -5.497031672946272041e-01 -6.674273308508146263e-01 4.485197804119351317e-01
1.157832413901318080e+00 6.517520947264029418e-01 -1.078943243968162990e+00 -1.391220178545172770e+00 1.196877774439058184e+00 2.680348284867087205e+00
2.811799936897808827e+00 6.986455852592723392e-01 -1.750157551692002877e-01 2.541225803498440072e+00 6.105326871905287778e-01 3.652834360976526806e+00
1.812329024907631259e-01 -4.127292522781366574e-02 5.055587336752204175e-02 1.520540566747689226e+00 -1.814677612709814647e-01 4.763488795864248004e+00
-1.435208924061497360e+00 1.538563057297381853e+00 -1.969986235357972681e+00 -1.627784204874014096e+00 -1.447692829459396480e+00 -5.848246059879242509e+00
-1.815951053674528026e+00 1.475974327296422084e+00 -1.915453348664393429e+00 -1.464748798795578066e+00 -1.792238260315097698e+00 -5.831902447750885621e+00
1.517620654198794661e+00 7.417175614417610419e-01 -1.207987084319088744e+00 -1.546874077535469461e+00 1.523295170466701709e+00 2.674757699776947550e+00
-1.952608051244830945e+00 1.800670684364098717e+00 -2.102150763547908863e+00 -1.452131299749773508e+00 -1.934557134762197705e+00 -5.959851683407832112e+00
-4.390146230915077941e-01 5.025265040851938370e-01 -6.692913350639740910e-01 1.231090330962776536e+00 4.676833752615743300e-01 5.089383298258307597e+00
-1.703131970200338907e+00 1.258847465323712278e+00 -1.208910590481404146e+00 1.564152158639947832e+00 1.702959716441523108e+00 3.091213313375717142e+00
-1.849594219013386720e+00 1.218204820038790048e+00 -1.192281447841020636e+00 1.563375986387559591e+00 1.849491904694124500e+00 -3.168559833216178845e+00
3.417856853047789856e-01 6.102046840050129317e-01 -8.405911433431698665e-01 -1.000055974525831726e+00 4.096443693159170230e-01 9.601257581851884160e-01
-1.665463899639882728e+00 1.698564143545423066e+00 -2.306919375134598216e+00 -1.516584103559672547e+00 -1.648435246303269430e+00 -5.672718622772784158e+00
3.808867390160638466e-01 1.460236562803321758e-01 -2.379977639516860088e-01 1.796402266951558246e+00 -3.913078277342454947e-01 4.469041142266840794e+00
-1.409249582316341121e+00 5.942876784933004419e-01 -2.950663864897285285e-02 1.657806516071712810e+00 1.434503874237108345e+00 2.570861551694068936e+00
-1.732649451643464733e+00 4.605205418149982410e-01 -5.046540979964119211e-01 1.578000327519553547e+00 1.732485361420690761e+00 3.186303410344538456e+00
-1.372108778686314645e+00 1.794017819711734019e+00 -2.371760349947360513e+00 -1.680321194778871208e+00 -1.404681164150421102e+00 -5.696310230129781438e+00
1.107184742518794729e-01 3.410343918503010441e-01 2.235588270608291350e-01 2.047291596257548030e-01 -5.741901085862332055e-01 -1.725887245658112024e-01
6.244530315279244181e-01 1.853773171949557819e+00 -2.383786362910715440e+00 -9.590784251879688194e-01 7.954338910238523130e-01 7.843239283163251363e-01
-2.705131787638089813e-01 1.538960652154308661e+00 -1.887067672343947455e+00 6.826125845001648207e-01 4.374498953319438388e-01 -6.347643226037865682e-01
-4.545761030679102976e-01 1.811737656096864324e+00 -2.491848864775833672e+00 -2.480981002680798575e+00 -7.974355593258350972e-01 -3.638911462195742796e+00
-1.730898815176568295e+00 7.029973505064063266e-01 -1.219587414298804795e+00 1.650388204739617448e+00 1.709854544792885900e+00 3.663726109379521478e+00
3.006473132185031094e+00 3.795702440044804726e-01 -7.045581006976764371e-01 4.026835776154194524e-01 3.510306860783759531e-01 5.902686752277880089e+00
5.419868151172978488e-01 6.576634442139664971e-01 -1.009812729186545299e+00 2.090967938935609283e+00 -6.366075805328024195e-01 4.093436926772524131e+00
-1.142161187374703291e+00 1.088345674500927007e+00 -8.958352312774405801e-01 -1.483581872481210873e+00 -1.150581690467210816e+00 -2.111268086037428604e-01
1.494436674922637043e-01 -1.167403370625775053e-02 -1.551843892779584400e-01 -7.361165683102873780e-01 2.235345000965426321e-01 7.235971440762861695e-01
-1.600075624595418633e+00 6.204445801502619373e-01 -7.959118605870483254e-01 1.575910659773975819e+00 1.599619958223186700e+00 3.317128184901846133e+00
4.201475490581884631e-01 4.323664674908758165e-01 -6.268204638889212088e-01 -1.162482588749973456e+00 4.605244805411609077e-01 1.120896673968219348e+00
-1.514634119887355634e+00 1.285991801387070366e+00 -1.335313485924898513e+00 -1.573567277687181853e+00 -1.514696054659923075e+00 4.939758327644961505e-02
-1.940200251882886334e-02 5.515737445654638194e-01 -7.521282039691512544e-01 3.238202189742501069e+00 -2.014794698150985941e-01 3.046934634751643944e+00
-1.537572933196355907e+00 3.485410956026104845e-01 -3.616482964315561599e-01 1.570364057098508681e+00 1.537570401815965493e+00 3.154699600761606160e+00
5.403513635821249883e-01 1.290619612520181647e+00 -2.271749569794161427e+00 -6.252137568425093495e-01 1.073721041285078170e+00 3.315011440108044938e-01
-1.496075247210450154e+00 1.815909621843687205e+00 -2.601104525933187972e+00 -1.623673801666897010e+00 -1.517969224888579660e+00 -5.496586465174461367e+00
-2.003513087449857899e+00 1.870775384930946084e+00 -2.531755928475148743e+00 -1.294482768755596425e+00 -1.908175501097034488e+00 -5.574845069114640950e+00
2.536020887266287716e+00 1.781875293870228916e+00 -2.325808367424747836e+00 9.289387390929573218e-01 7.904582632198827730e-01 -7.551403582048067387e-01
2.702258323801391082e+00 1.761350888582202012e+00 -2.072903833531722473e+00 9.928725146353655218e-01 5.326490919334333496e-01 -9.227724154720204908e-01
-2.313116412317044457e-01 3.546219816619873288e-01 2.155418453493782027e-01 -4.115478337419082866e-01 -6.104422476699494782e-01 3.434787523662193864e-01
-1.690303000161229585e+00 3.621180477815867382e-01 -3.635973475341148786e-01 1.570972960047356537e+00 1.690308085825350526e+00 -3.140095613753825621e+00
3.372812960448454689e-01 3.937038666652499797e-01 -6.100801974533427430e-01 2.120262236094059283e+00 -3.984795586679646950e-01 4.125943811824449803e+00
-1.438309166328354261e+00 1.802412982520771312e+00 -2.576246049418271511e+00 -1.663670614740537790e+00 -1.476167507060524020e+00 -5.504945020412982615e+00
6.153099466202912593e-01 5.694977735437198874e-01 -5.036076261379866109e-02 -2.182740714242995761e+00 7.827057567872711674e-01 2.351102255620861836e+00
-2.332396451225615952e-01 2.832363747893433259e-01 2.640826865901589326e-01 -4.281324167848708506e-01 -5.902552259063219564e-01 3.623891430493074162e-01
-2.043264404597374961e-01 4.755723865088359176e-02 -2.854678022252518654e-01 -2.420142401700816848e+00 -3.123405665474877080e-01 2.444648419581799903e+00
-1.210982732990840915e+00 1.676614911080336778e+00 -2.028608386991271662e+00 -1.699779225069685262e+00 -1.233945338332670394e+00 -5.909226699650069747e+00
1.342929525699506410e+00 3.860477956873600291e-01 -5.129979419809364005e-01 -1.541438733951129736e+00 1.344800784594187837e+00 3.011303043542533864e+00
-3.556738594953974819e-01 1.742950640461487399e+00 -2.246879819273206902e+00 -2.485881969747826048e+00 -6.078395759477343008e-01 -3.704828708578885355e+00
1.729718744819726428e+00 1.809045488691753967e+00 -2.230586423347856950e+00 -1.636281709247896288e+00 1.715709779505188104e+00 2.715301754817844859e+00
-1.243307529058106375e+00 5.184357255468565739e-01 -7.549970646076225034e-01 1.491339578689969914e+00 1.252760301437689350e+00 -2.892274555171232109e+00
-3.507241945476806677e-01 4.996006309355373598e-01 -6.229998690254400229e-01 1.246372908796346879e+00 3.709482909758460845e-01 5.058704092149524989e+00
-4.028771189853839196e-01 4.470794918544579999e-01 -7.273772815774324219e-01 9.951199149970700875e-01 4.863670441578332726e-01 5.345666820268516695e+00
-3.510190432179858822e-01 1.702913882849580895e+00 -1.917795404520393543e+00 -2.098143086894994180e+00 -4.092302265184770693e-01 -4.146793961147108298e+00
-1.484647596604075526e+00 1.706375692573122604e+00 -1.959827013539309659e+00 -1.592449573199609780e+00 -1.487400113224684794e+00 -6.028827604119674000e+00
-2.001446740325083518e+00 5.700886531141424740e-01 -7.926343183833760575e-01 1.671845204157139442e+00 1.990141480797552376e+00 -2.897532253615331843e+00
1.714553591413677247e-01 5.428100877169597105e-01 -6.873980639828423111e-01 -8.765331441229969878e-01 2.238264303722265758e-01 8.640864593198598342e-01
-3.162946625299460357e-01 1.615179582699833860e+00 -1.916677969034108919e+00 8.339156628376831470e-01 4.334429876749789634e-01 -7.854750434206383414e-01
-2.646879641189816557e-01 1.909582344330249259e-01 4.452383195421600326e-01 -4.279812442281050733e-01 -6.819478950506334680e-01 3.403685896620028406e-01
-2.970588689458313780e+00 -8.589899900350900230e-01 -2.554484342399394148e+00 -2.569923806067900607e+00 -3.200559247702778332e-01 -5.482212439223598244e-01
-4.126642308471539233e-01 3.620831729695345724e-01 2.838198110004737096e-01 -6.287644800523509714e-01 -7.502505027070827115e-01 4.888957765318262538e-01
-2.841681736662336366e+00 -8.536912640386639106e-01 -2.612073234371718566e+00 -2.370875662389031024e+00 -4.379970172937578954e-01 -7.213136825270676233e-01
1.428929635280392664e-02 3.415691477829855827e-01 -5.729256986118097528e-01 3.078954412043264366e+00 -2.317888802653422509e-01 3.202569683550142710e+00
-1.264591764184776146e+00 1.773943942365772353e+00 -2.398675522631034784e+00 -1.753644671349021245e+00 -1.323781995190109306e+00 -5.635686696801486484e+00
-1.726491109473764052e+00 1.570862417912412656e+00 -2.166314768233918997e+00 -1.482984030192114888e+00 -1.699523942851872915e+00 -5.682064975089414993e+00
6.801729926091520939e-01 2.825546069575798347e-01 -3.412826217145438212e-01 -1.498315221683408804e+00 6.823043298086987063e-01 1.477530404899201288e+00
-3.314925714849482064e-01 1.704669937238572741e+00 -2.207010348161639879e+00 -2.520984831832124851e+00 -5.939418116642882772e-01 -3.676408468009548791e+00
-1.310110846855748745e+00 5.927029284473648296e-01 -9.130495016511442907e-01 1.486988609824442031e+00 1.323663822362584286e+00 -2.810825693567378103e+00
-1.617461036497159110e+00 1.909505413608756363e+00 -2.609678030297284401e+00 -1.540717222203787484e+00 -1.606471069744179969e+00 -5.582469203350466813e+00
3.062018628702923184e+00 6.200882449139684116e-01 -9.774516951179930135e-01 3.365745079281022623e+00 -3.657363485256313052e-01 2.931819287046477207e+00
5.593524164674266164e-01 5.223510877496835292e-01 6.619889284077679070e-02 8.452828682316557707e-01 -7.883951337761361255e-01 -6.716333376150805945e-01
4.156986492577857684e-01 2.591030918845070863e-01 -2.405990604120684107e-01 -1.612557255715932447e+00 4.160870743641822966e-01 1.616460622959122961e+00
-1.565065715736856822e+00 1.723688173585720795e+00 -2.359911499290518577e+00 -1.574203347456872626e+00 -1.566181000573202420e+00 -5.646948549629952296e+00
5.641359802485153008e-01 4.180269976195681303e-01 -5.663590090893390050e-01 -1.341277921905729364e+00 5.812639185385686247e-01 1.298220274638550498e+00
-1.340501397167355446e-01 5.261512395820115012e-02 -1.706332053277402339e-01 8.526579690678555146e-01 1.783661914808133409e-01 -8.447273156547235873e-01
-1.299343656744215592e+00 4.443131520026960546e-01 -6.058559665679947859e-01 1.526066718493650942e+00 1.302959910408937327e+00 3.309155196054428760e+00
3.741314416096451212e-01 1.526666747643387056e-01 -3.969992312039837268e-01 -1.018483201847359743e+00 4.436812499710935387e-01 9.720140310340359413e-01
-1.607526969496238634e+00 1.451477415456084552e+00 -1.787177691429418180e+00 -1.558691757021119617e+00 -1.605469354496008805e+00 -5.947273458483057773e+00
-4.357198794295468747e-01 1.386937495051379310e+00 -2.676486551839271755e+00 -2.690341989276415990e+00 -1.316442796661404069e+00 -3.262926020010839423e+00
-1.352862985875445956e+00 1.813667656285275376e+00 -2.411572288199116176e+00 -1.694817906802936536e+00 -1.391123258653714778e+00 -5.674088957813338219e+00
-1.263712018291976991e+00 6.646896306514910036e-01 -9.503149932264558508e-01 1.481678502512254747e+00 1.276540341971274639e+00 -2.842745952052541547e+00
-1.402317525700252032e+00 1.808988297276161283e+00 -2.346917724013294571e+00 -1.657728054661440575e+00 -1.426287397264538681e+00 -5.738954359084087464e+00
-1.513337971660497328e+00 1.205949251183207060e+00 -1.052416710769229047e+00 1.579594770496465239e+00 1.514008221159370393e+00 2.987806226938078957e+00
1.451746793049861761e+00 1.372953311248836128e+00 -1.329722235891025006e+00 -1.575966875728276095e+00 1.451852175449711790e+00 3.185133505729081715e+00
1.364933774305641390e-01 1.533787206802445791e-01 -4.475618037385635239e-01 -4.425850725912980899e-01 3.234672819394437404e-01 4.223302392670914562e-01
6.674358084095168842e-01 6.040259515031708437e-01 -7.509935985696329919e-01 -1.387042128039803313e+00 6.810030695246597210e-01 1.336010163266446726e+00
-1.323710249517699777e+00 8.029316153534702405e-01 -1.263493807231496513e+00 1.459155792202516899e+00 1.349902903292315104e+00 3.614545326921334567e+00
2.589972896539506908e-01 1.220381371560715772e-01 -8.455929268586644121e-02 -1.711044350539040471e+00 2.616345745856407667e-01 1.715926426531287241e+00
5.250346766826167189e-01 5.330584622691920682e-01 -7.024468427016276051e-01 1.854052488335923954e+00 -5.492424134883736597e-01 4.383514211542095751e+00
-1.933787738721867822e+00 1.343820719637919936e+00 -1.273930268236888486e+00 1.544277228781678168e+00 1.932854617894105065e+00 3.066845470382904004e+00
-1.679767895995515570e+00 1.773116241397039383e+00 -2.418720880284578545e+00 -1.505065281664768273e+00 -1.657767385501983659e+00 -5.634713728184831183e+00
-1.445554857932133341e+00 1.186283466706266942e+00 -1.056787206356652797e+00 -1.554537307377781730e+00 -1.446602857453094026e+00 -1.305111294774232988e-01
2.775892371582898144e-01 5.931177692808982382e-02 -2.372134930567282862e-01 2.126736119013269644e+00 -3.284617575827211700e-01 4.131534011678505536e+00
-2.892517848405511405e+00 -8.716447922665692127e-01 -2.527669490709097744e+00 -2.357072126522875344e+00 -3.564728145949586646e-01 -7.520798790936626954e-01
-1.592955619830678904e+00 1.757317909591758154e+00 -2.170291342685184866e+00 -1.561903215587583826e+00 -1.591086265592302595e+00 -5.870117242913168276e+00
2.034379511443811239e+00 8.411179817331372321e-01 -1.209150078774458015e+00 -1.748752912612872024e+00 2.001167601864954460e+00 2.734569287631419598e+00
-1.593230021149617981e+00 1.848449385745515094e+00 -2.236773623515353471e+00 -1.562302360356589759e+00 -1.591553488084439083e+00 -5.894768193397188938e+00
-1.181392886525642227e+00 1.098510854850693219e+00 -9.343397727888606008e-01 -1.503823725824449564e+00 -1.186898922667970258e+00 6.105988165529569578e+00
-1.978049405294902030e+00 1.183679235776320837e+00 -1.022258995813903670e+00 1.501575137356767398e+00 1.972442521464919940e+00 -3.317114239062449066e+00
-3.890404417451024943e-01 2.785970105399550034e-01 -5.797789849360265313e-01 9.442878568582919740e-01 4.872549762707023557e-01 -8.845174547644413243e-01
3.339160319124744869e-01 4.297617084922411013e-01 -5.685772105601615278e-01 -1.191131064282682894e+00 3.606233279413881831e-01 1.167701054558890172e+00
1.980850277571775953e-01 4.306100070618807396e-01 1.894754464643496894e-01 3.474059677414856218e+00 6.469723082010346848e-01 2.872770883487579585e+00
-1.361164568309239709e+00 1.161081302780144764e+00 -1.001146325568253115e+00 -1.536923398656492079e+00 -1.363873187342163451e+00 -1.634569075632333335e-01
-1.155259393137483936e+00 7.774368261096151755e-01 -1.121970871172249584e+00 -1.718732087892135274e+00 -1.181039053866739685e+00 3.737806795108529756e-01
1.852392761190527981e+00 6.119647069027972508e-01 -1.083855056292409191e+00 -1.701545408250107361e+00 1.820909572335608129e+00 2.653245791916982288e+00
-3.330662226158467853e-01 3.449010724739107747e-01 3.128219604566732093e-01 2.626705431796842571e+00 7.259176445632499197e-01 3.541885980284260160e+00
-1.864569002756830240e+00 4.613530051577798829e-01 -5.430836568207511039e-01 1.595487723645536704e+00 1.863554238503006610e+00 3.226956865725469026e+00
2.386270169938858043e-01 1.805950023122905090e+00 -2.224166308361235966e+00 -5.397124869944307513e-01 4.779901844159242241e-01 4.888424316399047620e-01
6.130323576920245626e-02 3.971916516833540189e-02 -1.942092220208273823e-01 -3.790844596244776210e-01 1.661191853696583620e-01 3.743387159237291373e-01
-1.571597010229936364e+00 5.263227064855803272e-01 -9.517125497547126445e-01 1.571128391985800343e+00 1.571519434598290355e+00 3.566978033812673310e+00
2.793312243034425268e+00 4.801887615480990301e-01 -7.140960866514564076e-01 1.002734255960675780e+00 4.168575145930760728e-01 5.321783865803365821e+00
9.473871751552148668e-02 3.626680126035778523e-02 -1.404881920730488010e-01 -7.396539551583078964e-01 1.407311491846547913e-01 7.347093372329182026e-01
4.642056175518786687e-01 7.114698915500805576e-01 -1.218612574290847794e+00 2.340959858702258423e+00 -6.735113758894369917e-01 3.819871739820826839e+00
-3.412473656752059159e-01 4.920127713976787942e-01 -8.361207893392882395e-01 8.110131860210243460e-01 4.797887363171109421e-01 -7.511499998350750218e-01
-1.349759898739829822e+00 1.845502246425765547e+00 -2.650436231218924910e+00 -1.731372705195918682e+00 -1.418232269223426822e+00 -5.465945454926705693e+00
-1.890891708738573485e+00 7.477062063690769200e-01 -1.046946248239131405e+00 1.668208732116945869e+00 1.876189989079552367e+00 -2.827353633198213867e+00
3.115267988980486180e+00 1.225317181307710612e+00 -1.080318479719245106e+00 2.961875878423919861e+00 1.473539984441033790e-01 3.319397763711199989e+00
-1.751967033403060592e+00 1.872571263137064568e+00 -2.381661946050454226e+00 -1.481754098543805576e+00 -1.728778760626999311e+00 -5.767036006126605052e+00
-2.692090854418157098e-01 1.917329614050148345e+00 -2.593339175579134182e+00 -2.726295707923296785e+00 -7.197415499894266322e-01 -3.461760644763248962e+00
-1.600759495269600929e+00 1.651940198838153906e+00 -2.287362929158939906e+00 -1.553010771523878120e+00 -1.594904087966473094e+00 -5.647543149852181976e+00
-1.749968478785617121e+00 1.616052188747741702e+00 -1.922949285452940416e+00 -1.516135806508453587e+00 -1.741505992450897322e+00 -5.971607291116222349e+00
-5.310516964504070625e-01 4.009566058323288940e-01 2.010276838314451475e-01 2.338013092422417838e+00 7.803101779192980203e-01 3.776735281865629013e+00
-1.793543506961684963e+00 1.916781024454828453e+00 -2.428820207565220990e+00 -1.460270563984564340e+00 -1.764578116495148175e+00 -5.760386370376657794e+00
-2.069751844978190425e-01 1.566371932860212701e-01 4.555471187526912158e-01 -3.504203903081124505e-01 -6.419496978475369708e-01 2.847977270885714285e-01
3.345602302672223138e-01 2.659168543531740814e-01 3.419155769587863269e-01 5.467143373402085782e-01 -6.834948561524222255e-01 -4.408967210918166568e-01
4.638616799726897888e-01 3.596984155277432316e-01 -5.089813396580662452e-01 -1.281731622157964878e+00 4.856254967927369770e-01 1.246412578592533738e+00
1.885972355987682036e-01 2.041946355175446037e-01 4.906637226873251101e-01 3.431310606929150353e+00 7.158965991032554266e-01 2.920348245803888965e+00
-1.153099089840923241e+00 1.822468159186090064e+00 -2.478718289341551806e+00 -1.835253859016541034e+00 -1.243589292626376741e+00 -5.583022935322691005e+00
3.010238426792552602e+00 1.163077760064765709e+00 -9.878900059621356089e-01 2.493186781719542999e+00 2.185589768770747621e-01 3.778447010343432222e+00
-1.589436117298631823e-01 1.725871186658564316e+00 -1.990864931679350747e+00 5.493063443686024838e-01 3.080410348222824557e-01 -5.280785791867259604e-01
-1.700898404129444819e+00 6.142553136412800541e-01 -7.724357694437512523e-01 1.591404300528523219e+00 1.699259368408766901e+00 3.301093165511757022e+00
5.777693220570196964e-01 4.644877573292641726e-01 -6.030099956103680547e-01 -1.362041942319794918e+00 5.923036139261761424e-01 1.320813700009974667e+00
-1.240602908407171467e+00 1.615671752039780307e+00 -2.229847777660522112e+00 -1.765807380250591807e+00 -1.302615363754578093e+00 -5.642615313127520515e+00
6.434632099898124347e-01 7.256742516753356131e-01 -1.062283709394149955e+00 -1.155920094147715238e+00 7.149564557027994205e-01 1.042773458506243811e+00
6.614501081359495938e-02 2.695737833237303871e-01 -5.926299072941092483e-01 2.936110613671985892e+00 -3.295287643600360861e-01 3.336293738735146786e+00
1.552546352196350732e+00 5.129702492054579732e-01 -7.897737089836686097e-01 -1.565810584321984500e+00 1.553235255641252310e+00 2.864750862933549413e+00
-3.187534032483415602e-01 1.645945694670329695e+00 -1.888136069950853368e+00 9.423107808407656938e-01 3.978078972676952207e-01 -9.031948589738267863e-01
2.560634794447098184e+00 1.021970673873337621e+00 -8.279859476352315895e-01 1.856424491598255511e+00 6.089318730656941847e-01 4.368606277132170312e+00
3.279868725294358134e-01 1.493985954402145211e+00 -1.855745131272304116e+00 2.375823849167338242e+00 -4.834036206523792956e-01 3.846854538575439797e+00
2.743878725324927270e+00 1.912472253835570069e+00 -2.386819911687878992e+00 7.436544157475954986e-01 6.091092060701719380e-01 -6.463067706346152796e-01
-1.534393228583517121e+00 1.678015129295046259e+00 -2.320988919325384092e+00 -1.592631199359486160e+00 -1.541658931159382018e+00 -5.639888212855596272e+00
-2.817782570321036295e-01 7.074317713547395581e-01 -9.418809034844640715e-01 8.944477396381951273e-01 3.645553223897486372e-01 -8.610464604487090279e-01
5.416224814552969002e-01 5.215466896488502035e-01 -5.882160971477381484e-01 -1.460450218928324828e+00 5.453067321649033294e-01 1.441934897168889673e+00
5.788132157410905698e-01 6.279720652206940423e-01 -1.080898397180546366e+00 -9.807150799917268014e-01 7.186386691226290813e-01 8.437096245702704334e-01
-4.906260532421977127e-01 1.562328160267283605e+00 -2.793866946553438702e+00 -2.626188479328186887e+00 -1.272879942680004595e+00 -3.306359767989277554e+00
-1.827628332059803684e+00 4.630464290058495802e-01 -6.724627805290757099e-01 1.625339537448047267e+00 1.821889452881652494e+00 -2.925296924004608279e+00
-1.422805328800148095e+00 6.081217704001038449e-01 -7.541161104056238740e-01 1.549108126082479275e+00 1.424397055485431052e+00 -2.994001746908093065e+00
-3.985851407972670901e-01 6.620607594778926686e-01 -9.330944901809155034e-01 1.004562697447079822e+00 4.778852749333751260e-01 5.333688317340756768e+00
-2.138438101965305094e-01 -5.813834042491775218e-03 5.297025007528143037e-02 1.784248777579261924e+00 2.189034798549009397e-01 -1.789311709548228935e+00
-2.194161727739593060e-01 2.004228000105694185e-01 -2.099316380932466641e-01 1.528468971929854536e+00 2.196183587434430706e-01 4.755764375114864606e+00
-3.274165988446526843e-01 1.149170952581376914e+00 -9.964944068216314843e-01 -1.149712919653856025e+00 -3.600985176057017179e-01 1.124445413124382842e+00
2.262050904089283054e-01 9.304951204143296906e-02 -3.111962131714166579e-01 2.325679031553406606e+00 -3.129553683451430923e-01 3.932631004512925799e+00
-1.712732631623488766e+00 1.692934431530515260e+00 -2.419763597117480902e+00 -1.476125426619326220e+00 -1.676698717881863310e+00 -5.551328398525100738e+00
-2.194840719602684787e-01 2.927380967444520032e-01 3.789738669739192711e-01 2.797484931449482737e+00 7.013435082865205894e-01 3.408814414124051506e+00
-1.576337063779061687e+00 1.145265485942179584e+00 -9.327686655673758098e-01 -1.571963282574715404e+00 -1.576206388630942534e+00 -2.125045659716269519e-01
-1.571194617671755278e+00 5.192315654560497595e-01 -6.336184272205767076e-01 -1.570748655102428559e+00 -1.571186561842702334e+00 1.143808714299718032e-01
1.379959796223010571e+00 4.782724892349700663e-01 -5.498091566691722942e-01 -1.556994032260102134e+00 1.380448594688838959e+00 3.068745323408981651e+00
2.830093718703420080e+00 6.501882752714329694e-01 -8.868441305520520235e-01 9.415057965419777464e-01 3.888500505220900960e-01 5.379010015393343558e+00
4.668696291031139145e-01 6.869808200881954985e-01 -2.066216318873035918e-01 8.287164689390204009e-01 -6.568490254990734245e-01 -7.123857600688701108e-01
2.689832843499782911e+00 7.002201785364527975e-01 -1.147269460244624284e+00 8.430297335549432614e-01 6.244768615981785009e-01 5.544539278782114167e+00
-1.987848430751878448e-01 4.250496576946700689e-01 2.253035988867378714e-01 -3.212778971512731396e-01 -6.758106449125176329e-01 2.540597479956039351e-01
-4.357092782921704877e-01 2.411958866595725060e-01 -4.233263251345849576e-01 1.199861155069255059e+00 4.699791830485927635e-01 5.123749090492139224e+00
4.263181469755569775e-01 1.802101270365588315e+00 -2.407765041080563329e+00 -6.733977512541594601e-01 7.249378310899796674e-01 5.383489043719289491e-01
-1.811057870372628109e+00 1.289753021953631951e+00 -1.314523196257038506e+00 1.576863899417918935e+00 1.810976489721051630e+00 3.167092999513965612e+00
-1.515054741569908714e+00 1.579747612845866733e+00 -2.049626474184111924e+00 -1.596057336218131173e+00 -1.521094990251767420e+00 -5.812675004679278778e+00
-4.461974770750058994e-01 5.820625365289314734e-01 -9.003484636084480019e-01 9.914500318278178792e-01 5.417987876593222119e-01 -9.186554374650927057e-01
-1.911983785585694706e+00 1.120903785732831892e+00 -8.956191706246852124e-01 1.491642657401503369e+00 1.903019524111419836e+00 2.903025272571071014e+00
3.160356721053329127e-02 5.319903656650863955e-01 -6.867197204130273125e-01 2.938664296822690147e+00 -1.578969648811504034e-01 3.342070423824572867e+00
-1.869781871698253495e+00 1.313339229269423702e+00 -1.222993916368959821e+00 1.542993941962992999e+00 1.868518905218778947e+00 -3.236110672576300473e+00
-1.682739694691555710e-01 9.124983100847178230e-02 -7.412156896435291575e-02 1.670889989909094320e+00 1.691351522586330425e-01 -1.672335075281988326e+00
-1.159274459450977179e+00 7.184574298275848703e-01 -9.500426659085602354e-01 -1.670629436589541772e+00 -1.170890510138572038e+00 2.518274247696623558e-01
6.884023138991826052e-01 7.513644255238828285e-01 -1.256881733160357451e+00 2.102825610365854470e+00 -8.289163018080611955e-01 3.995712687322658052e+00
-2.891485077300878892e+00 -9.088267638402114379e-01 -2.427503343998690610e+00 -2.218934145643538081e+00 -3.157218838503412228e-01 -8.981010747926938542e-01
-1.842359920614433433e+00 7.090731364371077872e-01 -1.101669061271617123e+00 1.676924199964490825e+00 1.821230628060679368e+00 -2.735628733310211835e+00
-1.917933427403470739e-02 3.565040961923683915e-01 2.456050390104345393e-01 3.107618669694736546e+00 6.023758657759404889e-01 3.169608378846860308e+00
-1.395186800457671517e+00 1.733787303641257216e+00 -2.165868855334015297e+00 -1.644967040984215867e+00 -1.411465464172335205e+00 -5.845175283623190055e+00
-1.261106233433625823e+00 1.160860121530746802e+00 -1.089600676055882067e+00 1.593578954091371180e+00 1.261912404591190029e+00 3.066782058336244177e+00
1.603779795197126379e-01 -1.694284831711807826e-02 -2.387170428447921988e-01 -5.688662367454351276e-01 3.008656832628358035e-01 5.482101280224216389e-01
3.649064674886055015e-01 7.369853477279156850e-01 -1.138752175470164607e+00 -7.736916043267640930e-01 5.359795529889787025e-01 6.985855698981466855e-01
2.535562324552872449e-01 6.323322592001177078e-01 -9.241078190453723418e-02 4.668142616967580483e-01 -5.911127288453148498e-01 -3.963035912662665750e-01
6.587571882562968106e-01 5.610737538221488574e-01 1.864815806937463946e-02 -2.186591252861132428e+00 8.479017686962159184e-01 2.389799284684990255e+00
-1.450309742729460227e+00 5.706368994654681392e-01 -7.384611092868830218e-01 1.550578946357071830e+00 1.452004565582589946e+00 3.310612990447117099e+00
-5.811631844048877893e-01 3.640481843650505978e-01 -7.241982683437372392e-01 1.078382806195143928e+00 6.725989286928082400e-01 5.313576406415605469e+00
-1.471417207812834249e+00 1.826860252319741251e+00 -2.563630376348607687e+00 -1.637693310168346184e+00 -1.497241476944509708e+00 -5.543946270354713768e+00
1.151663629335056560e-01 2.279947337103604976e-01 3.127035183880421676e-01 3.362535294128617736e+00 5.516344992021945393e-01 2.952596841540888750e+00
-3.054112020424971097e-01 1.218140249014028287e+00 -1.114426837922547264e+00 -1.253444478063550527e+00 -3.220169755206694906e-01 1.237468914812666299e+00
-1.225838484457468569e+00 1.779605276430931360e+00 -2.500775763680106234e+00 -1.803744906866844966e+00 -1.314012523525176057e+00 -5.531799586434877902e+00
2.933813555425790920e+00 6.975945675578176797e-01 -1.037095210372697807e+00 5.644407644676183722e-01 3.959194469572535624e-01 5.754482996931854721e+00
3.117157941805557719e+00 4.971075910565264655e-01 -6.076700593419017693e-01 3.358723625161678328e+00 -1.132207524317234565e-01 2.925813550299153576e+00
-1.412135883398899505e+00 3.638899912788248203e-01 -5.095120920495530559e-01 1.547587143502743956e+00 1.413823795466202293e+00 3.289033122092154038e+00
-1.545730305222205780e+00 4.788889477109247172e-01 -5.455625516891596805e-01 1.569128851555060766e+00 1.545780329930287467e+00 3.208280298650832751e+00
-1.314896193244020850e+00 6.710934321459529617e-01 -9.188684569534775193e-01 -1.634869823063755723e+00 -1.322872009709160634e+00 2.557558241204963556e-01
3.598215742637173031e-02 2.881734680488222122e-01 -3.633101923919697107e-01 2.695446772089466592e+00 -8.329470542066169658e-02 3.586386222740248986e+00
6.277332472148141607e-01 2.566672564930663758e-01 -5.101327426437416435e-01 -1.238029700665375321e+00 6.705208031555119907e-01 1.155359973258899497e+00
4.262649254979965496e-01 1.248451522310108253e+00 -1.289697059393321021e+00 -1.480214693321158848e+00 4.281367164456227337e-01 1.471287336993697181e+00
2.652477030166436878e-01 1.902637466117519383e+00 -2.512100412126054838e+00 -4.431119625839345932e-01 6.578937632262140678e-01 3.592404913331405103e-01
1.301967622889241172e+00 7.203385061745712914e-01 -2.106474364420984347e-01 1.437181030677079363e+00 -1.336828183199516129e+00 5.254159788313081947e-01
-3.054721943221403002e+00 -7.016011242480353349e-01 -2.873119414337912403e+00 -2.936846384615989791e+00 -4.412114023193209889e-01 -1.856202880658124610e-01
5.194567889462371468e-01 3.847148939033395165e-01 -4.397260724052191594e-01 -1.474856444783141374e+00 5.220985404583919909e-01 1.460235552442201712e+00
-4.289335408569360242e-01 1.760055650448717923e+00 -2.063649708553918938e+00 9.918662842264748258e-01 5.199977322165318938e-01 -9.252502279049308331e-01
-3.044717771692059038e+00 -7.525410377371530846e-01 -2.098770061304459755e+00 -3.468788182794597219e+00 3.055908785980511744e-01 -5.970160243453678461e+00
-1.999836779372076823e+00 1.785143897040715411e+00 -2.146600543572314557e+00 -1.410408660636849776e+00 -1.970463789819883127e+00 -5.889172010893823028e+00
1.244946064953245779e+00 5.674584688142044753e-01 -8.790413780855458326e-01 -1.467582913952957480e+00 1.261165847952941288e+00 2.813894108280536432e+00
-1.257178668442690661e+00 1.759489432561839095e+00 -2.164339586551277339e+00 -1.697856498702829731e+00 -1.283283459718476793e+00 -5.859913616024623906e+00
-1.755025316597888407e+00 1.719203367133556259e+00 -2.249092624916224192e+00 -1.476889278423843876e+00 -1.729522313441580694e+00 -5.745816943545221989e+00
-1.815106227812937956e+00 6.560686058319280534e-01 -1.064897373172910333e+00 1.669574714965660567e+00 1.794606748744702829e+00 3.561526995994201084e+00
2.486704930854594764e+00 9.888524854784416229e-01 -7.939812538001850273e-01 1.817832581278206572e+00 6.791512924605063173e-01 4.398974890301542651e+00
2.710407035005849341e+00 1.604100817856870975e+00 -2.069783538013833635e+00 7.975447001958270166e-01 6.236845701576593237e-01 -6.937711165956331749e-01
4.392337795491662450e-02 6.835734550110634800e-01 -1.163264404444861899e+00 3.046637102616986947e+00 -4.815347743186748630e-01 3.225804958515210430e+00
1.741386262913791061e-01 1.394345163618832817e-01 3.529318153128390700e-01 3.561388503269188877e-01 -5.198613614088782864e-01 -3.122794783959547682e-01
1.334872974661760470e+00 1.835558276221875396e+00 -2.381770031350706862e+00 -1.446567084665322689e+00 1.369717679533506649e+00 2.582838480776290968e+00
-1.170640425177453814e+00 6.916268519485513355e-01 -2.247929739468479682e-01 1.758920870679648640e+00 1.215486553112433921e+00 2.640875462432345611e+00
-1.866414393846493880e+00 4.587155303913675874e-01 -6.008370561742795157e-01 1.613904317494033291e+00 1.863340388178790663e+00 3.290059467767212364e+00
-2.937070185112955478e+00 -7.575747993050383489e-01 -2.701027497256252019e+00 -2.554631088164024622e+00 -3.753808959714154403e-01 -6.837344403110058089e+00
-1.933193739299241320e+00 1.260681250936928954e+00 -1.128454441412180875e+00 1.520849621421332953e+00 1.929880131519895681e+00 3.000295026156062583e+00
-1.738203405204307828e+00 1.673749903983564824e+00 -2.248433490986965655e+00 -1.479196713548200259e+00 -1.711110027037111569e+00 -5.702055149539731360e+00
1.549082774872009516e+00 6.190880384865903308e-01 -8.423053544979833829e-01 -1.565990956631226005e+00 1.549615725506929831e+00 2.918329512402103809e+00
-3.975819752466198675e-01 8.798486035660187110e-02 -4.062306167966597270e-01 9.303467426352132197e-01 5.039116946367659944e-01 -8.657124055796960871e-01
2.670141962087513310e+00 8.845375312824895753e-01 -5.357124067241322285e-01 2.161478065668448245e+00 5.785530948684318719e-01 4.037113638644609814e+00
-1.421567194749079777e+00 5.545475211330966880e-01 -7.213565305585389886e-01 -1.595750361553452512e+00 -1.423648041423252630e+00 1.686423447687983579e-01
-1.397119034107337399e+00 6.278088219110157242e-01 -1.028611234927152784e+00 1.502454623147739365e+00 1.411000503097518788e+00 -2.735320572549565288e+00
-1.104548637988709725e+00 7.390483531032775444e-01 -1.090613688989346519e+00 1.399201487390598020e+00 1.135093911502886188e+00 3.531226492953977836e+00
-4.255660125326990451e-01 6.199744048625256410e-01 -8.033513996741140639e-01 1.188373474572246291e+00 4.611622117023376211e-01 5.134537763065361027e+00
1.774579457560483853e+00 6.638575093941814220e-01 -8.985088774174750936e-01 -1.618806944111465196e+00 1.768925279580084942e+00 2.902163819888060381e+00
-1.251712137680817127e-01 7.248921826875013297e-01 -1.165545599559124401e+00 3.428482150023258512e+00 -4.569561888784015591e-01 2.882771727993432176e+00
-2.874306049622588066e+00 -6.648018602851438752e-01 -2.152200327938240676e+00 -7.095543182163036589e-01 -4.174429238946104070e-01 -2.476058349313877471e+00
1.598171490141001849e-01 2.919211538552520802e-01 -4.244313353642683584e-01 2.257727377251223189e+00 -2.072471185329012033e-01 4.014831752859154612e+00
1.256933748325501199e+00 1.653255465005912139e+00 -2.258676147176439386e+00 -1.388132364160159504e+00 1.314131060325116840e+00 2.512541053485446430e+00
-1.193573836145566808e-01 3.045323619656634673e-01 2.744409200839038609e-01 -2.156522558862675742e-01 -5.897704634971434601e-01 1.800653565622567231e-01
-1.466409689364108537e+00 1.642083870361156439e+00 -2.042179994468484860e+00 -1.611583295599227972e+00 -1.474674275667971379e+00 -5.881123636977919844e+00
-1.284683774713101467e+00 4.332962646141453877e-01 -4.703438911831903657e-01 -1.581684882871719600e+00 -1.284880420131953693e+00 3.860668865865011373e-02
-2.497777483134616949e-01 4.966174388736068618e-02 -2.925722542451282826e-01 8.146189535199209741e-01 3.466394951449772721e-01 -7.839759335317419975e-01
2.020029380617212045e-01 1.712886536597082898e+00 -2.173115477348460445e+00 -4.320746657854510064e-01 4.996839418875004823e-01 3.845997961688226718e-01
-1.281148074155514571e+00 5.885294034332979596e-01 -8.892595918509695885e-01 1.482747723520676519e+00 1.294491202604687974e+00 3.454566871543122808e+00
1.055892032716558848e-01 6.598923716119214911e-02 4.059606697682739407e-01 2.288958750654528918e-01 -4.827486891886855758e-01 -2.034861483310317909e-01
-4.993468291809082249e-01 5.150495414802676031e-01 5.614059354235140936e-02 2.351815282158660647e+00 7.399028219984575827e-01 3.781906307971573789e+00
1.593329184103478235e+00 3.898466499864160495e-01 -4.904606013307248324e-01 -1.573062229942913781e+00 1.593209828718415988e+00 3.040960018314113888e+00
-1.662098803767280586e+00 3.915243400553380382e-01 -4.106488994714687091e-01 -1.569044129627026329e+00 -1.662076983232869676e+00 1.919785511115032831e-02
6.004468112805023267e-02 1.347594935098044289e-01 -2.196770376258925794e-01 2.525723924417961896e+00 -1.039611062286013299e-01 3.754909989738760334e+00
2.547554899742960899e-01 1.818333344282594188e+00 -2.265437178515516958e+00 -5.421607847413940640e-01 5.102929906988923348e-01 4.839425372241558665e-01
1.399769293549341986e+00 5.334476650178778812e-01 -5.909209905745950175e-01 -1.560880565396334019e+00 1.400048736934372817e+00 3.083277858759370549e+00
-5.429091167179956878e-01 4.744479264812075936e-01 -4.858691877925012254e-03 2.214334970943715231e+00 7.020396709651299805e-01 3.935893187285277595e+00
2.059401030741722094e-01 4.725382835407144766e-01 -5.899055622891923312e-01 -1.059664742374352153e+00 2.366262573440850725e-01 1.047523289906763244e+00
6.551545259976483404e-01 4.978986772859246290e-01 -6.188110948203171535e-01 -1.415046790859334047e+00 6.646025372006328924e-01 1.373914306729298929e+00
-1.600636261804644800e+00 3.786979189914730926e-01 -5.977990669562306403e-01 1.577285881100198628e+00 1.599917251372185323e+00 -2.922403190443813248e+00
1.587265238145857404e-01 1.903095307520234591e+00 -2.335757010558226821e+00 -3.647497147397721906e-01 4.591216642447457086e-01 3.297962376423147490e-01
-1.997076234023898167e-01 2.201041141590750205e-01 4.528260773309811804e-01 -3.140852439568307397e-01 -6.974864573855145133e-01 2.440268868747782205e-01
9.734963708572576604e-03 2.891186038325284091e-01 3.126304517073131839e-01 3.158677566283366822e+00 6.018171829050759092e-01 3.127525548494677121e+00
-2.972016706311955136e+00 -1.065813908987420788e+00 -2.280554929460363311e+00 -2.441581377781393059e+00 -2.651133995367212504e-01 -6.825458693939163712e-01
3.850845029334396541e-01 2.252966788166452239e-01 3.106730015119156807e-01 6.707933834257494565e-01 -6.488037470663443607e-01 -5.638306897763740722e-01
1.710399135244786706e+00 1.209904512240879138e+00 -1.133771013555983309e+00 1.581483374310149070e+00 -1.709985857368451212e+00 7.688177892278277858e-02
3.370523109066223544e-01 1.727715917903088982e+00 -2.050985694762453182e+00 -8.344273960743335827e-01 4.627020175147862346e-01 7.789562508710408117e-01
-1.372202176034009957e+00 6.840422790245853646e-01 -1.141171946043996188e+00 1.482206005913556890e+00 1.392817813549245054e+00 3.606628201647599230e+00
7.118598906680961846e-01 6.506722597534886354e-01 -2.753862069434330762e-01 -1.972494857041418692e+00 7.891444724457147286e-01 2.113439667148798051e+00
-1.772636765938071957e+00 6.423527480704752657e-01 -9.050085669134655397e-02 1.463926729476959343e+00 1.742344745292098374e+00 2.580535161612278028e+00
2.074419143575814584e+00 8.432904205105449247e-01 -1.339554460192154295e+00 -1.827373877398446922e+00 2.007099999999999884e+00 2.587888611099468772e+00
2.663614188175240649e+00 1.762712451180575401e+00 -2.400516866040396380e+00 7.160270905347120296e-01 7.765075268333105907e-01 -5.554830659979058671e-01
1.580412721143022781e+00 3.367119485116409905e-01 -3.740734874666531984e-01 1.570434210823643983e+00 -1.580400129661826192e+00 -3.735531035259974375e-02
-2.917592300152183071e+00 -7.906376210599123100e-01 -1.837258090707643454e+00 -4.341339205153593728e-01 -5.563697379695333733e-01 -2.766522529972324396e+00
2.754646736902602200e+00 1.524350702053512085e+00 -1.855458351532157657e+00 8.974247513826217881e-01 5.037806515367647675e-01 -8.319769319941415775e-01
-1.507064227321541772e+00 1.535168642302988662e+00 -1.756787709025275479e+00 -1.584824007096815812e+00 -1.508618549911965756e+00 -6.061128574825731974e+00
-1.520520137230935820e+00 4.916520421069591751e-01 -6.736764043328353768e-01 1.561690621403353907e+00 1.521345817941879952e+00 3.323836230120385427e+00
2.914246174507389431e-01 1.497283690423160396e-01 -1.711325951126794476e-01 -1.499358192407837853e+00 2.921878524529986088e-01 1.496217724243316782e+00
3.114413787269192824e+00 5.753948548373222227e-01 5.658783834479595362e-03 3.091974539219668472e+00 5.816144997287283624e-01 3.183081465835059021e+00
1.834394124283695859e+00 6.051384906263180818e-01 -1.041012871812967866e+00 -1.684249684803611036e+00 1.809237784012177608e+00 2.692117263595164456e+00
4.518159654334686914e-01 7.300014731965828174e-01 -2.327192050197441076e-01 7.939210559511898913e-01 -6.588617417304243329e-01 -6.773480321414723226e-01
-1.049620983830510113e-01 4.175040512387621638e-01 1.854352360256802390e-01 -1.835748588346477750e-01 -6.108887498821170547e-01 1.509128751683099234e-01
2.848244604258071133e-01 4.023130383275800442e-02 -1.870525809578131304e-01 2.034369682185460437e+00 -3.195237297052826442e-01 4.227727702454060044e+00
4.440683812395842395e-02 1.024482402597774039e-01 -3.904878810346791296e-01 -1.548960175677440154e-01 2.913494542190928072e-01 1.484559821761271825e-01
3.921748379175574173e-01 1.717795105440443226e+00 -2.299316662480023865e+00 -6.454161328660292796e-01 6.885193905708852924e-01 5.266731508451910626e-01
-1.485109096609202428e+00 1.336252004063339438e+00 -1.416182526026597888e+00 1.563938539058413291e+00 1.485376876965825765e+00 3.221814999485781872e+00
4.626526799962180636e-01 6.201370142805346930e-01 -1.013611865064665052e+00 -9.153994890743860635e-01 5.979623748978823983e-01 8.215738440626788597e-01
1.733011754171353280e-01 3.060312493555470970e-01 -4.704505991674107213e-01 2.322887938015401943e+00 -2.383201293897009299e-01 3.945983182415987667e+00
-3.060721052991107083e+00 -6.488950721115206433e-01 -2.842579164877307552e+00 -2.909221580542606489e+00 -3.587307800867907681e-01 -2.180683251205705886e-01
-1.309258910311768886e+00 5.551886020954729384e-01 -9.729611593215063969e-01 1.462616509584765634e+00 1.332217617675723886e+00 -2.710836197624968857e+00
-1.261332650381090437e+00 5.706435511430594243e-01 -8.875741212985778228e-01 1.471472839192892401e+00 1.277223176007288075e+00 -2.809959277759924934e+00
-1.779064476729816713e+00 1.574495485359924674e+00 -1.910464545012606763e+00 -1.501235611455446151e+00 -1.767257161360798134e+00 -5.940355623879685076e+00
-2.043913807758824142e+00 8.128857700577820644e-01 -4.153335163408604647e-01 1.375140597161172984e+00 2.004375865891392827e+00 2.700806699023300173e+00
-1.163123359864509876e+00 7.311420461488359335e-01 -1.125456476014330409e+00 1.406385472186924002e+00 1.196030454626116457e+00 3.567143761472563401e+00
-3.101472923167296170e+00 -1.040354357185678591e+00 -2.293411753538001641e+00 -2.934035639488146607e+00 -1.962651486638897491e-01 -2.036890259645564305e-01
2.566032510704169933e+00 1.672071994757881042e+00 -1.896400343435016289e+00 1.240494048913930003e+00 6.130971844795194414e-01 -1.173838525921755638e+00
3.830879729366281072e-01 5.661665944303317932e-01 -7.247398943789288284e-01 1.944337028427645997e+00 -4.131105904270027107e-01 4.308035928713350948e+00
-4.209325395217255461e-01 1.740936238398041125e+00 -2.224813160976801374e+00 7.662323339634578012e-01 6.301694586394734898e-01 -6.608938083480764281e-01
-2.855685358576027719e-02 3.995178448459401621e-01 1.821701914141407863e-01 3.089633150185706612e+00 5.823151424785194541e-01 3.185003185049193331e+00
-1.922870221088433251e-01 6.218918621260374202e-01 -5.877188983776692605e-02 2.791969628507924295e+00 5.916773606493942461e-01 3.435441921465061554e+00
-2.883519369902589058e-01 1.990947628528725588e-01 -3.132017406920917235e-01 -1.937117746525239381e+00 -3.095205869094127538e-01 1.953702577669527596e+00
-2.021691328317612446e-02 2.476252068322822297e-01 -3.944648339717861663e-01 1.367215754654396986e-01 1.482154566888319036e-01 -1.352350208752322869e-01
6.926307955723842724e-01 7.243079279587156805e-01 -1.088160644917416819e+00 -1.165623377042139808e+00 7.681703374446343657e-01 1.033050562558831542e+00
-2.475454112760578501e-02 2.580026655156875126e-01 3.650925892580791365e-01 3.099090031931594602e+00 6.235208499690610973e-01 3.176120124300107150e+00
-4.220504063914342491e-03 1.257825365380859983e+00 -1.157067158051294786e+00 3.098573806980017054e+00 1.008484272471123072e-01 3.184398402351619417e+00
2.787278383644757884e+00 1.290035497774417728e+00 -1.286040083991352168e+00 1.581635221619500653e+00 3.543336661926429487e-01 4.700834965338306581e+00
-5.506550207086217119e-01 4.603925129505994085e-01 -6.162812917637807697e-01 1.323070532793498177e+00 5.701013012551842118e-01 -1.278949858485485480e+00
-1.878252048280288355e-01 3.824550777110350408e-01 1.621869488791127800e-01 -3.514843319585265191e-01 -5.730186075605682161e-01 2.988920611360152413e-01
-4.800911771924484817e-01 1.711269584596602500e-01 -2.561157982979695436e-01 1.409309513480216047e+00 4.869752142211856705e-01 4.894690719135265766e+00
5.833625168598201016e-01 4.563267215886879224e-01 -4.991556703241221138e-01 -1.505949692327408940e+00 5.847533663216837319e-01 1.493089294872167017e+00
-5.141693083452470586e-02 4.603669092826445652e-01 -8.393949100322372070e-01 1.381261048411127068e-01 3.823406877230147161e-01 -1.282617950413821040e-01
-1.013025641221869552e-05 1.276744253724538813e+00 -1.218681005691313768e+00 3.143597611154427707e+00 5.806311805720750646e-02 3.139587591468650185e+00
2.335284252192553200e-01 6.354944393625452381e-01 -1.070665612290452096e+00 2.627843169825589076e+00 -4.903104185393230563e-01 3.603487865402648538e+00
1.827514643072074840e-01 4.938346549200408470e-02 -8.369461880207847149e-02 -1.386918455576661158e+00 1.859095740767314764e-01 1.383774749614409494e+00
1.661518904258799001e+00 6.230124091366670003e-01 -1.020433642868249224e+00 -1.605992643855502999e+00 1.654424950357928248e+00 2.742702605422094653e+00
-2.000560338145939365e+00 1.596988119897287950e+00 -1.856908144392271476e+00 -1.453541659496853766e+00 -1.985212365244649613e+00 -5.998585462982298111e+00
2.627726671033045580e+00 9.480288387097415281e-01 -6.517613883282841192e-01 2.048189861430470771e+00 5.864503205297191268e-01 4.156620251341025529e+00
1.626895795172201620e+00 5.857140851378487278e-01 -7.354853243803421980e-01 -1.579177084806401954e+00 1.626261383049329323e+00 2.991594597387474241e+00
-1.113369673190937270e+00 8.957408386101961550e-01 -1.364332218713404155e+00 1.352042209550234020e+00 1.165773156201296734e+00 3.655269572690078572e+00
-1.468408227529249377e+00 4.959140543252492650e-01 -5.869246158894939613e-01 1.561462288401534559e+00 1.468827667582777829e+00 3.233072633252185746e+00
-1.393867585043287116e+00 4.980037272955196714e-01 -6.733871830567381700e-01 -1.601979460584390891e+00 -1.396603937082342206e+00 1.780999001908454560e-01
5.999934563656074138e-01 2.381829589107412604e-01 -5.519501205027321777e-01 1.994650723454000518e+00 -6.680341376859753044e-01 4.190750359264690417e+00
-1.678333556093081658e+00 4.107566187890255849e-01 -6.886585525170542121e-01 1.600399094333806005e+00 1.674180139983525661e+00 -2.862147091180645475e+00
-4.633184076377608873e-01 5.921882688622264190e-01 -7.057680487428402705e-01 1.347786080844721734e+00 4.760503586787823149e-01 4.962219819393627773e+00
-1.538388331035181800e+00 1.421363221614174499e+00 -1.879866257359317228e+00 -1.585145327888699329e+00 -1.541730173742178023e+00 -5.824471378690018852e+00
-1.434468363658346179e+00 1.753776208403246883e+00 -2.410431758732463514e+00 -1.654348574247433534e+00 -1.462939227745049697e+00 -5.622011144429881035e+00
-2.603663220299383130e-01 4.002078577226655942e-01 1.817754686326822355e-01 -4.512048338524027313e-01 -6.313764637575071115e-01 3.728258656566025286e-01
-4.000334324402570196e-01 5.118867372312063679e-01 -6.934247351174228635e-01 -1.974259518390005796e+00 -4.372629233966578433e-01 2.011160056535188811e+00
-1.581597051607055215e+00 4.526868290997695943e-01 -6.180696833808876356e-01 -1.569016003890554289e+00 -1.581444203325167441e+00 1.653862257852629636e-01
1.078783090813989487e+00 7.750552953940804679e-01 -3.357010720012012506e-01 1.346634709781279193e+00 -1.129028506714811142e+00 4.899003858637197562e-01
1.396843578087661131e+00 4.937181296285321208e-01 -5.461295490869813030e-01 -1.561585561022058144e+00 1.397090435756811910e+00 3.088371974779343443e+00
-1.275817065479475598e+00 6.598028530646248280e-01 -1.152459972411315370e+00 1.428067961572770050e+00 1.311755333036114690e+00 3.652867183934191075e+00
-2.686916285298623919e-01 5.552268610969885998e-01 -8.938370184242286909e-01 6.920630722360501252e-01 4.290258736976982901e-01 -6.458628050877386340e-01
2.680567816235742029e+00 6.645060942227286604e-01 -8.777252384619509407e-01 1.168128106862760696e+00 5.047029168385095410e-01 5.165276598429400678e+00
1.413443995880599768e+00 6.205769984095981240e-01 -8.552896325932778376e-01 -1.533917023802124691e+00 1.417786926298049366e+00 2.904058121559155214e+00
-5.201674247203837975e-01 2.997302590909167175e-01 -6.021909565669901765e-01 1.091192520793157428e+00 5.946521296313390659e-01 -1.010130011178563603e+00
-2.532377672163094173e-01 1.200623270025609646e+00 -1.168125675122282159e+00 1.695781335961592751e+00 2.552687108245764169e-01 4.583266923335167498e+00
1.423984344593066442e+00 5.838634185397167942e-01 -7.364324699697377685e-01 1.593262614168655666e+00 -1.425696110419814921e+00 -1.541959077000665257e-01
6.501250556886163379e-01 6.589242323435838822e-01 -8.601436047326816992e-01 -1.313740842206106541e+00 6.762190936638970973e-01 1.245723107371739635e+00
-1.694982775351591142e+00 1.470756563191375932e+00 -1.859763287535069365e+00 -1.523488159003683950e+00 -1.685655162942141017e+00 -5.891455848803098583e+00
2.684475504480568375e+00 9.236365095340098863e-01 -5.701532876592627641e-01 2.184118429053937049e+00 5.700969786242194859e-01 4.016019618875591668e+00
1.349155610516557857e+00 5.694204413878909410e-01 -8.291728191407033988e-01 -1.512988156248495031e+00 1.356702181222369852e+00 2.875632971787115633e+00
-1.679611995085463771e+00 4.366819303218387183e-01 -6.302042634385491837e-01 1.591802337503957609e+00 1.677578416327961452e+00 -2.946941498181975483e+00
2.635446615790393743e+00 1.023951969001708928e+00 -8.054749190801807623e-01 1.943581331553405400e+00 5.474989108522657633e-01 4.282891679813060293e+00
-1.502257712291352743e+00 7.181474887648996441e-01 -1.136570313667948584e+00 -1.598679800796854789e+00 -1.508172191784999061e+00 4.192928415892277494e-01
1.889901025002113766e+00 7.177593904162653526e-01 -2.073087857868507189e-01 1.730839059950708636e+00 -1.848055161087773568e+00 5.328351868306479000e-01
-1.666439541992102535e+00 6.109612359602686338e-01 -9.785590237699807181e-01 1.605258835842275023e+00 1.660038339058644397e+00 -2.772451697252321878e+00
-1.536939169757302270e+00 1.174065315228043138e+00 -9.890859914169891631e-01 1.577027639678885595e+00 1.537510949950950057e+00 2.956505395395587321e+00
-5.099438613167524281e-02 -9.002161913449843733e-02 -9.494493527087058404e-02 2.703177996521082260e-01 1.917901815957064604e-01 -2.655878126366345571e-01
-1.458631441941852014e+00 4.274478940337919641e-01 -7.442025412533558315e-01 1.535729159985740333e+00 1.464227375222589833e+00 3.460211876363254113e+00
4.425007592499231868e-03 9.463805406485417682e-02 3.879542202793910266e-01 9.678479635727821329e-03 -4.826108699254771373e-01 -8.587416246417144128e-03
-1.999583493976499149e+00 1.911427849337999252e+00 -2.636930235704996850e+00 -1.276288081107252781e+00 -1.887101517673002604e+00 -5.510371712517307508e+00
3.901077000250714466e-01 6.882499117669013122e-01 -1.023566387649987419e+00 2.245759151766352879e+00 -5.087456935480533238e-01 3.970576502435583688e+00
3.249361423977333296e-01 -2.306518676422647865e-02 -1.375111338986589327e-01 -1.127490811653657277e+00 3.611837382521170814e-01 1.101116057044976726e+00
-1.432064488190418761e+00 1.651924085591450098e+00 -2.103578334128701322e+00 -1.631665120039884398e+00 -1.446046414271159319e+00 -5.827724307617552668e+00
-1.178734209298671676e+00 5.956048569316674257e-01 -8.623375812950223596e-01 1.462235975206503502e+00 1.193318180151201835e+00 -2.854097186554627630e+00
-2.781860490763885529e+00 -1.079726205990333199e+00 -2.317007531046618496e+00 -2.161755768716555615e+00 -4.377898089442647800e-01 -9.331989035613453831e-01
2.689138010648395749e+00 5.992653419380733482e-01 -7.442153330691666513e-01 1.282021458770000955e+00 4.735681291933359072e-01 5.034582553734298749e+00
8.430603598568806034e-02 1.646980987908609473e-01 -3.782906823174423949e-01 -3.790109861684926584e-01 2.293939367936552454e-01 3.699684846340329791e-01
-3.103511833063919423e-01 1.254766977431634345e+00 -1.212147854046054185e+00 1.702929341133902374e+00 3.131684811419758740e-01 4.573588175725017635e+00
-3.695339047801569909e-02 6.055522405738139602e-01 -1.050095201530603761e+00 8.573585464140189016e-02 4.459662684862158999e-01 -7.738351890995520677e-02
-3.087457279305704461e+00 -9.744726823613901745e-01 -2.345305436399352406e+00 -2.844487576564932230e+00 -1.861432001772055367e-01 -2.922674914109466560e-01
6.117973936779645960e-01 6.965463436965873001e-01 -2.287466887878816801e-01 -2.141986104442300309e+00 7.514964748841272968e-01 2.292194319618484410e+00
2.537928613831899938e+00 1.139443357030816228e+00 -9.690152240320524246e-01 1.812008576156039386e+00 6.243633983612912886e-01 4.417998784978941273e+00
5.780599521502446381e-01 5.056680293204783849e-01 2.473543128101359997e-02 -2.230310198876342298e+00 7.634525191118828324e-01 2.391484853681369760e+00
2.018063507906820320e+00 8.837364342162230546e-01 -1.360783635326888730e+00 -1.787587164065648437e+00 1.965149343519466241e+00 2.621074254018092020e+00
5.705074441080071335e-01 6.099936343921434911e-01 -8.523373602725499154e-01 1.928710658125310173e+00 -6.145546243087011140e-01 4.283087835059074422e+00
2.607983814969214276e+00 8.050592422302754736e-01 -3.871699523352844508e-01 2.172657711282046211e+00 6.650454068471330915e-01 3.994747051107314650e+00
4.587744947819406005e-01 1.662716898480623318e+00 -2.230507419185300932e+00 -7.429426514722906605e-01 7.137500264854612642e-01 6.068949106402909965e-01
9.982602519939515195e-02 1.912977855769660840e-01 -5.041719627183940400e-01 -3.143817449097316974e-01 3.279173901073159092e-01 2.986248847950366825e-01
-1.205247116619055481e+00 1.313238370323183579e+00 -1.328414840975505662e+00 1.564990121860913241e+00 1.205285175397423636e+00 3.157839870456284004e+00
-1.233422537395727714e+00 1.901520788570401521e+00 -2.535356552368946303e+00 -1.775637412501838153e+00 -1.300809246031523925e+00 -5.621425652622982660e+00
-2.682145085106079629e-01 6.305167133613386321e-01 -8.827421293245932277e-02 2.652339257073970558e+00 5.989556511618663315e-01 3.555878300482564924e+00
-1.225175453872901499e-01 4.785641625179921812e-04 -2.296735924693880659e-01 4.963885147576944101e-01 2.593791273899040406e-01 -4.822699384025261327e-01
-1.988658388627775109e+00 7.652401596183960875e-01 -1.317884035748478677e+00 1.799785969304569244e+00 1.923454335352344557e+00 -2.547975438256155023e+00
1.358830663450947718e+00 1.592549169864574399e+00 -1.985954754148965717e+00 -1.488491872760039580e+00 1.375247586600903071e+00 2.740112696202821496e+00
-1.393047880579588949e+00 6.507850239367184431e-01 -9.067869426279158152e-01 -1.616250175642283571e+00 -1.398893362113217576e+00 2.599138907340164395e-01
1.975861543131428144e+00 6.708502603119800289e-01 -9.288689643665876128e-01 -1.679774250807092972e+00 1.961715501518593863e+00 2.861972233350466688e+00
-5.960670661042455354e-01 3.282132740216146538e-01 -6.413287904431751452e-01 1.144532497075415822e+00 6.643626365605455053e-01 -1.047631384245678365e+00
-4.021325532606724318e-01 1.032843198552561154e-01 -3.028950537454759284e-01 1.134657034905999673e+00 4.465152789057847960e-01 5.189343888126493276e+00
-4.656058380207364067e-01 3.265211882301454205e-01 1.845172180043961885e-01 2.342636628373647500e+00 6.771053491201362018e-01 -2.466355882000135669e+00
3.309511685892301269e-01 1.991599218277496641e-01 -3.585764573149646806e-01 2.003748955940559906e+00 -3.660707141473181214e-01 4.252759253794949679e+00
2.084213881221144427e-01 -7.857676745638256244e-02 9.466821774903971809e-02 1.495171757513368060e+00 -2.090324456529303043e-01 4.789697206433190857e+00
5.944156915597588187e-01 2.711057348920749011e-01 -5.508621795867278959e-01 1.958640866077561604e+00 -6.497023395454860628e-01 4.238351371418364266e+00
-1.535389998308081649e+00 6.852822141544897550e-01 -1.113123435297084463e+00 1.556102322582023412e+00 1.538576294301349012e+00 -2.713518154155170947e+00
-1.298147340646064185e+00 1.867472487085637622e+00 -2.526794541539980177e+00 -1.740440520018795345e+00 -1.356307502331469461e+00 -5.605549888709565387e+00
3.993953627582808585e-01 6.312893708207137911e-01 -9.037590397209842585e-01 -1.003144485699141608e+00 4.793243903473445866e-01 9.476688087832144669e-01
-1.071277846062485689e-01 7.470538375325903868e-02 -3.068917294642273252e-01 4.368981392956183263e-01 2.553047026106655681e-01 -4.243941878176851201e-01
-1.783649516163896331e+00 4.844564365888638924e-01 -8.600901062648704798e-01 1.649919407377638869e+00 1.768598617365219949e+00 -2.758108767922140103e+00
-2.660231386854052249e-01 3.202625983011678779e-01 -3.370788662731012963e-01 1.509383128573659194e+00 2.665407088705737948e-01 4.776052970107047102e+00
6.248403413316582222e-01 3.068199414646249346e-01 -5.704160503246732405e-01 1.917507310820045108e+00 -6.712594880856602719e-01 4.280093163911237397e+00
1.093579319144476342e-01 5.785627099509976778e-01 -9.585799783067256996e-01 -2.878392633994732441e-01 3.946960249019389466e-01 2.667860887469918341e-01
-5.368277122621007980e-01 6.791522979340284261e-01 -1.642986648543145189e-01 2.262071931099864930e+00 7.258529920137831715e-01 3.876541844329890463e+00
-4.699944792598097221e-02 4.953945902292995473e-01 -7.218690092149571136e-01 3.347696728382581810e+00 -2.312204716370372393e-01 2.940833791432995170e+00
-4.569037784265925217e-01 5.381417381495146035e-01 9.357179986260854426e-03 2.384857922494155957e+00 6.978224345112582494e-01 3.767935826828380019e+00
-1.242509365357830742e+00 7.306053102781575603e-01 -1.106427669365379396e+00 1.446427890562081986e+00 1.266182284916387069e+00 3.536524602843230891e+00
4.067991556883656101e-01 1.703158433547895534e+00 -2.287324688427024189e+00 -6.631879736484409538e-01 6.980490029747404845e-01 5.393138008914551973e-01
-1.716500770701393286e+00 5.939930206309260718e-01 -7.287785782089204467e-01 1.590513394746972731e+00 1.715164074024753127e+00 3.277798012143520623e+00
-1.867550577104230669e+00 4.680012783503823548e-01 -6.935966021295998374e-01 1.639088168001828105e+00 1.859806457387672918e+00 -2.906061731421819339e+00
5.546574216978963356e-01 1.527079897924159824e-01 -3.809472662830008516e-01 1.921030362762116139e+00 -5.952060632477961244e-01 4.296923646826903642e+00
