-2.200561207055772517e+00 1.247493135634456518e+00 -1.638422041321550837e-01 9.986627275794648373e-01 1.850098174076128421e+00 -2.737100335378356952e+00
-1.089912814892706860e+00 9.898632517549765808e-01 5.478358973650846592e-02 -1.146957206377382521e+00 -1.336352260947531123e+00 4.754730736572308492e-01
1.417114390724744100e+00 5.054854958139891608e-01 8.920528126410320890e-02 -1.657359063318976755e+00 1.443660810642921843e+00 2.170993216062609754e+00
-1.135996318867513510e+00 9.452475640813283730e-01 3.717842461424482048e-01 -1.148292194542002598e+00 -1.464845045121169642e+00 2.310186146561301057e-01
-1.882905308727264249e+00 9.674076573998834361e-01 -8.914905305281800585e-01 1.546331232077648554e+00 1.881981907609487470e+00 -1.650545953861433546e+00
3.548916799320719906e-01 1.339267931224480179e+00 -6.932007012229106646e-01 5.517836079980104058e-01 -7.246934608509774112e-01 -4.318612117437035103e-01
1.610479647680320259e+00 1.741337755246153973e+00 -4.890044925641096607e-01 1.608483928242706806e+00 -1.583213088853797634e+00 -3.182224647719815724e-01
2.591049586868346757e-02 3.407869749811087701e-01 8.774309718386631429e-01 2.760804081888468611e-02 -1.218324645630665559e+00 -9.532774253750243842e-03
1.299262006181479912e+00 1.752181581285806367e+00 -2.174371692265902656e+00 -1.457210044922319314e+00 1.323633358897883694e+00 1.134486811440844622e+00
1.288677529038644076e+00 1.910230791582304466e+00 -2.029318633119172599e+00 -1.536377320364104015e+00 1.290735727359514140e+00 1.446860448102359697e+00
1.112791602111061984e+00 6.646242819188376005e-01 -4.765358544123157181e-01 -1.662700245705624136e+00 1.121471583242388714e+00 1.779890604533217013e+00
1.510583193363299825e+00 5.864807824745336129e-01 4.142153703524578678e-01 -1.621501497482741749e+00 1.538317659843699392e+00 2.572315028389902558e+00
1.247925646658228471e+00 1.815897763204117998e+00 -5.722923212824541084e-01 1.263969087669597258e+00 -1.468643190998260684e+00 5.971809525849445244e+00
1.479740894063446000e+00 1.362873973427493723e+00 -3.266423329246485041e-01 -1.649201402246313286e+00 1.524458586712783337e+00 2.608838856996747779e+00
-1.624489409785614402e+00 8.834585013555816824e-01 -6.107362139362471076e-01 -1.585269980291334591e+00 -1.622497403857217968e+00 1.297693394272825707e+00
1.514278635427721120e+00 9.003920269824328138e-01 1.437647337331319219e-01 -1.619665259244245759e+00 1.542404750701647176e+00 2.615640455248825713e+00
6.892919259345848815e-01 1.621454960378606147e+00 -2.988093473435209924e-01 7.046079530122019152e-01 -1.380104114794900250e+00 -1.597750146999250276e-01
-1.171929356716082227e+00 4.674000889169846462e-01 2.023543157880073606e-01 1.826707543955511159e+00 1.261405721632474330e+00 4.002505546267625114e+00
-1.350971486057894300e+00 1.039244668864704735e-01 4.458686048589290407e-01 1.687023340327879595e+00 1.383778647552933450e+00 4.151679347810560472e+00
1.610293585926627857e+00 9.565098507977561892e-01 -4.278377216015268880e-01 -1.550864544569441339e+00 1.604904451807104948e+00 2.099801511785595487e+00
-1.967597596711422092e+00 -1.189345491854318371e-01 5.390583551465659706e-01 1.401527378947776681e+00 1.931426058690265624e+00 -2.021837637176562730e+00
-2.733305523848508223e+00 -6.668790205381222025e-01 -2.958447784036934092e+00 -2.392296018584499695e+00 -6.223716422847549445e-01 -6.472378187153281504e-01
-1.918924093914068596e+00 9.458858536018601715e-01 -4.875526639821136654e-01 1.411583135044162107e+00 1.881705597679039776e+00 -2.054140384123831709e+00
-1.801700234621147478e+00 1.230520775589389215e+00 -5.438659678283059851e-01 -1.718747843813234200e+00 -1.748719152563865231e+00 8.709136858691387539e-01
-6.286485115095283849e-01 7.440954690323989817e-01 5.112976367625869933e-01 -6.528869720346044403e-01 -1.317198171614441193e+00 1.895713986226898462e-01
-5.083222100668632892e-01 2.077657689218284087e-01 2.190175687468360610e-01 2.209861654125525821e+00 6.514528641964869582e-01 3.960860130974143800e+00
-1.126983642564716837e+00 6.557283695769374754e-01 3.891575412473122775e-01 1.960925375011944194e+00 1.353535966313594407e+00 3.624409961237424316e+00
-1.443281336556779149e+00 1.536530704983171125e+00 -7.315670215990173197e-01 -1.478639886561187167e+00 -1.482530316924589142e+00 7.617541762027998375e-01
7.186563494508330097e-01 8.382613282554418621e-01 3.515342040573903870e-01 7.556828392320906751e-01 -1.287121437457041884e+00 -2.578594323563024315e-01
2.147084143333377049e-01 1.266581042941540503e+00 1.602621560366349618e-01 2.168842987282474655e-01 -1.430169255087367697e+00 -3.087632121286679535e-02
-2.067156413605593379e-02 1.448903738364526017e+00 -1.231305142894699306e-01 3.120285020009869736e+00 1.325829856082037628e+00 3.146760902224315704e+00
-8.206297959654526575e-02 1.127438778592379398e+00 -4.057327005193518965e-01 -1.238629510830650815e-01 -7.255161710932959140e-01 9.287924888194711015e-02
2.834454445693711744e+00 1.350499589389341670e+00 -2.264614490842900008e-01 -3.381802911736843664e-01 1.995243298934508136e+00 2.997760109421712560e+00
1.663272182007919486e+00 1.004631122402393162e+00 -2.541037844332471596e-01 -1.507627434409539280e+00 1.638387093589633414e+00 2.323452699756883622e+00
-1.927090124551901207e+00 1.746146449290153280e+00 -1.272227764919896975e+00 -1.739044386308109313e+00 -1.886362086540744221e+00 1.070043770771857305e+00
-1.128803389160083714e+00 1.824804378568981811e+00 -1.118602060955373290e+00 -1.272847784657810566e+00 -1.239324669337482865e+00 -5.468787462041372116e+00
1.430101635690898876e+00 7.413638210421095165e-01 1.132190313297685991e-01 -1.677219227408691671e+00 1.478603757313396105e+00 2.430285962824791479e+00
-1.900780540427583265e+00 8.421553307745404116e-01 -4.879468569231560360e-01 1.452554546764313059e+00 1.879599106864727309e+00 -1.943421376236029285e+00
-1.155345897957930967e+00 7.752038003607156780e-01 6.585093504653486418e-01 -1.158816047985839370e+00 -1.515605018527931058e+00 1.255590139021077745e-01
1.667444294615615386e+00 6.649880757505073348e-01 -1.825854524627869846e-01 -1.525848920491354344e+00 1.656391723142573102e+00 2.055116445862027241e+00
-2.083705855824872444e+00 1.194343762891321603e+00 -2.446999027271853921e-01 1.141318992453157044e+00 1.860403522997550407e+00 -2.584036065478532596e+00
-1.337982853070288858e+00 3.846242723561912324e-01 3.950388516853703957e-01 1.735974048407758596e+00 1.405982285432965107e+00 -2.364131713639613164e+00
1.263363783669691820e+00 3.417400874244491127e-01 2.300247063400842895e-01 -1.740932306847120525e+00 1.313488712121640978e+00 2.164616987314923247e+00
-1.506105432673831679e+00 1.247977389283612792e+00 -1.542560551227704913e-01 1.628277254934069829e+00 1.541112323271088380e+00 -2.665363633926608689e+00
-1.144163253421882853e+00 1.095202804374653116e+00 -1.145878562230371989e+00 1.547770769998635165e+00 1.144752512361039365e+00 -1.515135489582403627e+00
-4.589347809444443982e-01 1.713506543430643791e+00 -5.517040704016330510e-01 -4.940073459608474438e-01 -1.206237640557656032e+00 1.897053921120834541e-01
1.913472410436242832e+00 5.239344938683946351e-01 4.004766605795214707e-01 -1.293365083601074828e+00 1.774580303954010896e+00 2.523744618725423550e+00
-1.433305061780272061e+00 1.027095535183984998e+00 -4.499945828712985374e-02 1.685360252554212401e+00 1.494620903046116167e+00 -2.557255207043586775e+00
-1.532871999571779886e+00 4.955431002673956753e-01 8.577996615521211732e-01 1.607827405091926787e+00 1.562609520980477784e+00 3.358907441763394619e+00
1.607456490495619228e+00 1.155383049613713409e+00 -5.585126357210562498e-01 -1.550182827501849658e+00 1.601121562909569640e+00 2.167972595743230091e+00
2.141390230965123376e+00 1.506209850947702211e+00 -5.194779843670115360e-01 2.062373435506151598e+00 -1.873216609861638515e+00 5.775541012634885618e+00
-4.445296873700661511e-01 1.224884268510408880e+00 -6.281284753090139450e-01 2.438512186417149952e+00 7.276005485248109306e-01 3.705880253232985755e+00
1.659450232412344572e+00 1.781715811595755872e+00 -5.404755130116848383e-01 -1.486892289497866004e+00 1.599447163179445575e+00 2.813246085943529540e+00
1.719808792875843428e+00 4.392451571549138567e-01 -5.554857029960682396e-02 1.626937729673292754e+00 -1.708906389094011269e+00 5.099962444126177274e+00
1.837803620145429084e+00 1.870289187546327669e+00 -6.496673783245288103e-01 1.822293597540655785e+00 -1.661428835737011278e+00 5.944482593886602828e+00
-5.788450707726610078e-01 1.091743455821112319e+00 -1.263967471976819301e-01 -6.715708786351269888e-01 -1.074218344771089573e+00 3.619820811199560007e-01
-5.325960089148248922e-02 9.486649668134322644e-01 -4.960542249046615004e-02 -6.800453841006977307e-02 -9.001808283354215678e-01 4.230336094991204304e-02
1.172382200511946193e+00 1.087206457134652915e+00 -8.597686507825100799e-01 -1.665417069117574922e+00 1.183202760236556683e+00 1.816811402549682875e+00
-4.390086143873522251e-01 8.976976738848808646e-01 5.940605938423937360e-01 2.701394109454208436e+00 1.499281221908663753e+00 3.175237770413444238e+00
1.937580855091540322e+00 7.479691987602302694e-01 2.577836245253639080e-01 -1.257056553971884982e+00 1.764023981500505212e+00 2.607198613786855468e+00
-1.694855648472075815e+00 1.292035015249005658e+00 -3.549987827390145290e-01 1.470646944295282088e+00 1.644145019746814818e+00 -2.511502708011470464e+00
-1.950398033923396834e+00 2.614792844842887543e-01 5.558878799446456132e-01 1.287647709438079158e+00 1.827100093141591941e+00 -2.424880438914066794e+00
1.804367053622473627e+00 1.289234511250462178e+00 -8.606572511007015702e-01 -1.472245775852507821e+00 1.782909018204651197e+00 2.009867938010246657e+00
-1.475779597004458210e-01 3.532551731802265893e-01 4.581099270388553357e-01 -2.021463939073361027e-01 -8.216409714578746248e-01 1.386688088946567698e-01
-4.890855599061472714e-01 9.388152318298085275e-01 4.462622753076200266e-01 2.645297551527206803e+00 1.407073744255571413e+00 3.229622950507053059e+00
1.088761757010351161e+00 7.026326788379223531e-01 -1.106757789426535549e-01 -1.854829552510118384e+00 1.175910756053172079e+00 2.219933749321590710e+00
-4.862622733553451648e-01 1.424111041024040292e+00 -3.701248026518660916e-01 2.595317660703588825e+00 1.118721554726075151e+00 3.401187801061338778e+00
-1.817981941064078955e+00 1.893161538635909080e+00 -9.236021903699739299e-01 1.365630070167836774e+00 1.709653223203451144e+00 -2.554667656485224647e+00
1.787520708012864112e+00 1.149204682851175496e+00 -2.117118896484801449e-01 1.746450205906883602e+00 -1.698394152964185499e+00 5.661140431852398791e+00
-3.396848937776497102e-01 1.004215803951553632e+00 -5.435936682050802604e-01 2.469967202750734891e+00 5.649979812607538454e-01 3.732840711047265447e+00
2.077423165408980754e+00 1.340938140710153270e+00 -5.105858003844265802e-01 -1.182006321152537343e+00 1.904280639006777243e+00 2.467404881390956373e+00
-1.715447829467474206e+00 1.181425692873788874e-01 6.196834304917550051e-01 1.473121995215189939e+00 1.677654404897121365e+00 3.969344148474180045e+00
-1.131511334017625492e+00 1.725194444978458197e+00 -1.078425029870064167e+00 -1.294853333934010031e+00 -1.224524112254151476e+00 -5.407712624586674011e+00
1.248498289804077510e+00 1.405522836873569714e+00 -8.022726476292743047e-01 -1.758024615375986199e+00 1.306908757229249929e+00 2.198960362343642672e+00
-2.884009203486556649e-01 1.098240141011393334e+00 1.863586655641502332e-01 -2.999251473434557114e-01 -1.296729241533880472e+00 8.350616393164782270e-02
-1.160822812279694860e+00 8.072629084693743184e-01 -4.088764800963781698e-01 1.737830894178610697e+00 1.194611627853416902e+00 4.282127879335951626e+00
1.325725643397386744e+00 1.919764394804355678e+00 -1.936880203628691399e+00 -1.566518436761747290e+00 1.325768419527914688e+00 1.553156885839791945e+00
-2.674494847033677125e+00 -8.520190535666191112e-01 -2.802773131182243471e+00 -2.342830853196323115e+00 -6.795498501924522872e-01 -6.957272773265835042e+00
-1.773147492887978904e+00 7.392462494533065254e-01 5.396851517593742598e-01 1.376787431504280956e+00 1.628651705759441182e+00 3.427832718636972142e+00
-2.341668292786911465e-01 7.451677080499322647e-01 3.620706587804461418e-01 -2.606239185897273880e-01 -1.120837051002313123e+00 1.154762444031671720e-01
-6.416371919564881621e-01 6.226936812560265322e-01 6.457984290155224238e-01 -6.640240735239484327e-01 -1.329977025812472791e+00 1.845227124896205717e-01
-1.082747861226088570e+00 -3.754992975410819528e-02 6.748395027745243135e-01 1.876743088234796408e+00 1.184383923575027975e+00 -2.268376110356488340e+00
1.902744028407546084e+00 4.883948508979322201e-01 -4.829143068167027902e-02 1.716606673985007436e+00 -1.870080301305444115e+00 5.174505201506086394e+00
-2.725444466040582436e-01 1.666614572009062156e+00 -6.816653984124869670e-01 -3.236457000006835449e-01 -1.009246333324779865e+00 1.767590966361350935e-01
-4.522226908002180967e-01 1.369493372975722378e+00 -6.046247579010975010e-02 2.675605659247151991e+00 1.335871032899475841e+00 3.258126893822395953e+00
6.009788991947316861e-01 1.763511320897170220e+00 -1.058624051075469419e+00 8.135981261753910676e-01 -8.915258876433587165e-01 -5.866348816190343207e-01
-3.665763277339964543e-01 5.312168913224309952e-01 -1.149679905120694623e-01 2.382177799977660548e+00 5.474714665159640115e-01 3.822755411080603238e+00
-2.183574042748164246e+00 1.800500031868145501e-01 7.003074260521313654e-01 1.074097893718733099e+00 1.945818747320880560e+00 3.735888648266226131e+00
-1.248763408160251664e+00 1.034416845895812065e+00 -4.973831635988580913e-01 1.739850270320363546e+00 1.295389351849385529e+00 -2.131304760188138747e+00
-3.343342283463172637e-01 1.292268240826321524e+00 -7.870117460817365185e-01 2.519141176717541786e+00 5.977625552212807447e-01 3.676980201248202018e+00
9.977418152459463507e-02 2.965593431487422160e-01 8.552514071317597333e-01 3.250740372648651011e+00 1.154041867923682796e+00 3.097262845320915670e+00
-1.552435144533984790e+00 1.434549703507083329e+00 -2.293616160310753549e-01 -1.553645537143296673e+00 -1.564227557733821161e+00 3.655449378721818410e-01
-6.838478123917351992e-02 1.519990143809926364e+00 -1.351261834392628869e-01 -6.958076423067421912e-02 -1.385300467931776858e+00 1.285342242849014591e-02
-1.897592630845093276e-01 6.859104162226228318e-01 -2.876448734429269960e-01 2.681903178717258474e+00 4.389745313645734837e-01 3.562877855177162711e+00
1.534875861132790398e+00 1.312829664657992668e+00 -4.503813520464273745e-01 -1.598077580075500492e+00 1.547435425058341529e+00 2.433556226753109897e+00
-2.159427564038649272e-01 1.232045489496341517e+00 -7.647626902249249348e-02 2.906302187085913591e+00 1.165789704406351435e+00 3.235771803185175877e+00
2.177653862408412966e+00 9.638597950002745218e-01 -1.081926172923253632e-01 2.053592717848562454e+00 -1.954050735124819083e+00 5.663521903381433908e+00
-1.284525160511402531e+00 -8.113304276201478427e-01 -2.535358749878840356e+00 -1.510917454276717642e+00 -1.850898210920950193e+00 -1.357249273739944195e+00
-2.108180058261563072e+00 1.382316548463312866e+00 -4.130298601433889938e-01 -2.027454604089070411e+00 -1.864673501170897474e+00 5.327410035268628219e-01
-1.894391288781297200e-01 1.248786886524687390e+00 2.723788391687833599e-01 2.951925663460986726e+00 1.522054555315984770e+00 3.150946873933347714e+00
-1.755523786759003446e+00 7.859129262035223773e-01 4.797596153181302725e-01 1.394423799916904905e+00 1.625998925641791049e+00 -2.841346041966502867e+00
-5.177476834650338589e-01 3.392924961528772099e-01 7.646866146310372647e-01 -5.677752016763969456e-01 -1.168997199366465845e+00 2.444509339765955636e-01
1.624090992231718600e+00 4.908641448970014198e-01 6.218371229596023758e-02 -1.542779920817199280e+00 1.616145039896108360e+00 2.124472974287904048e+00
-4.094507117343185176e-01 1.409121662417983645e+00 -8.045829601367054940e-01 -6.521268614885571413e-01 -7.155155475695046396e-01 5.228163237298002475e-01
-1.759438205804473299e+00 1.480177998951472507e+00 1.281507355454617469e-01 -1.759305220646652623e+00 -1.563754277714592744e+00 -3.687299551970663752e-02
-1.934188434638030696e+00 1.075190714167163719e+00 -1.079034789025721919e+00 -1.569336133986159787e+00 -1.934179819635087005e+00 1.574904600903514584e+00
6.844225685048888064e-01 1.309600457071222745e+00 -3.099525416884661433e-01 7.701557702208609024e-01 -1.138619496243245877e+00 -3.859029082666965982e-01
2.333010558308220850e-01 1.139945943171323472e+00 -5.771234229951014913e-03 3.398051804225044048e+00 1.146775804557442102e+00 3.034116529527458805e+00
-1.560732428127944660e+00 1.086154523678914741e+00 -3.637330648630399677e-01 -1.564139023608493106e+00 -1.563241167689213507e+00 8.483425328938574150e-01
4.338725971612732990e-01 7.471288219805429787e-01 4.981508814126841544e-01 4.548047666479518303e-01 -1.276403011281001199e+00 -1.409475727872987194e-01
-1.573038530664495172e+00 -1.093814024135737251e+00 -2.532782444081289164e+00 -1.571839251172212348e+00 -1.568818416541182925e+00 -1.085797913555474725e+00
-1.141833921105702698e+00 1.840385529037130485e+00 -4.409896403575376822e-01 -1.147387084531479085e+00 -1.499792792679457643e+00 1.561281713318878606e-01
-5.172718532542752712e-01 8.291717695669394983e-01 5.565666071188068997e-02 2.507612179089606208e+00 9.877738631994198437e-01 3.526210606558228378e+00
-1.874010604332618124e+00 5.651155423658417165e-01 7.600424573728772892e-02 1.385814548982711614e+00 1.812433374490234339e+00 -2.234445212950643356e+00
1.328271724337149129e+00 9.671904968140255798e-01 -8.482301055415530922e-01 -1.600143985898614396e+00 1.330025438928315040e+00 1.693301455496500685e+00
-1.317625905717231705e+00 -9.800919999286102913e-01 -2.288764018663268285e+00 -1.537970291789199084e+00 -1.821869101880038588e+00 -1.439384564641120301e+00
1.975080620772519113e+00 7.161664923764125001e-01 -7.988729369444703965e-02 -1.321840356917548087e+00 1.892718897968039160e+00 2.247692502634827783e+00
3.918930574220338969e-01 1.648977908027844386e+00 -7.009730744407067782e-01 4.706646841796013336e-01 -1.001446810560438383e+00 -2.677057248893160435e-01
2.063593336845931603e+00 1.417669913089137257e+00 -3.385901421986302617e-01 -1.128681277388328130e+00 1.796054823363156805e+00 2.700710743890896826e+00
-5.724699751511839185e-01 3.892299415732654588e-01 -5.602616932998457505e-02 2.040359430954520992e+00 6.528845662341776768e-01 -2.139264642769595604e+00
-2.202437641097299448e+00 1.824466329035016043e+00 -5.710278329343161374e-01 9.633689468972279624e-01 1.756106738070063011e+00 -2.882471727347271973e+00
-1.977628356806032217e+00 5.147183305877815057e-02 3.133326915737825180e-01 1.418271646823970444e+00 1.949445912206030140e+00 -1.964876823303332243e+00
6.970240722939390343e-01 1.210990410465052181e+00 -5.530059049161309970e-01 -2.201635731722733968e+00 9.189218367248465080e-01 2.448464865357859566e+00
-1.901661706384628836e+00 1.789256670176222697e+00 -7.482870806480081960e-01 1.282648025527655111e+00 1.735715695793819124e+00 -2.635751947385356342e+00
1.621203454793561372e-01 1.621404014824641804e+00 -6.987466030977180775e-01 3.343941637082417984e+00 9.325527714606465235e-01 3.019967639099595313e+00
-1.251408518759947519e+00 1.320053372131849256e+00 2.461840332162811285e-01 -1.251413660769631564e+00 -1.569368055657611505e+00 4.332728019124403550e-03
-2.359178176580010167e-01 8.801731526282570162e-01 2.831036172716516752e-01 2.885502118781443137e+00 1.175203303216426409e+00 3.242154832688876276e+00
-1.935952749356052216e+00 6.159801549055214931e-01 3.359410100357499429e-01 1.268918835642567799e+00 1.779459598516428986e+00 -2.554570220603009645e+00
-2.456971455847338781e-01 9.256197786180195841e-01 -5.342560711658983497e-01 2.560134923652925831e+00 4.587041289082011142e-01 3.674112651574204413e+00
-1.074943654230976264e+00 1.430911693075447744e+00 -5.362203700355313574e-01 1.970073917308219791e+00 1.268485114614503084e+00 3.756072200699864805e+00
-1.607321170304756519e+00 5.534757360924770220e-01 5.175277680097020161e-01 1.538737810265183414e+00 1.588291852356087608e+00 3.641109896726377304e+00
-3.892615463552610011e-01 -3.789357151939577728e-02 4.076643122706252176e-01 -8.484411211622078230e-01 -5.303006682473332400e-01 7.747422313304122010e-01
2.159710583739110401e+00 1.374559545475274591e+00 -3.084642873356026604e-01 -1.041701819447526711e+00 1.842716508929024277e+00 2.710986427306901536e+00
-1.772377918528751817e+00 1.743231267417829411e+00 -2.394270531136117874e-01 -1.771935200769788166e+00 -1.584193381236714382e+00 6.563242719773644540e-02
-2.549159419362967416e+00 -8.748581611508233769e-01 -2.996605230544084009e+00 -2.351452859297761044e+00 -9.042722205966627902e-01 -5.579882189428806427e-01
-1.167869355593805558e+00 1.057369771727709740e+00 -5.832772758292382731e-01 -1.378594904158739531e+00 -1.214432311156617983e+00 1.061978896722876486e+00
-1.739559942929750080e-01 8.253058959404956374e-01 -6.007821339964504181e-01 2.473191282254052492e+00 2.831241951888859854e-01 -2.492851945575488948e+00
-1.901531059686315528e+00 9.345975407357396403e-01 4.372247750341994310e-01 1.246136309556131971e+00 1.635024909324353626e+00 3.330045166808425883e+00
-1.589311931018589474e+00 -9.760864311160786233e-01 -2.174136872891427874e+00 -1.570957909635370520e+00 -1.552275227973032967e+00 -1.562159717731086195e+00
-1.233571954898643019e+00 -9.519371219681689311e-01 -2.224505548431625623e+00 -1.558578608409408428e+00 -1.907802003128497459e+00 -1.533862603110352607e+00
-4.090224394932305274e-01 1.185322008628076462e+00 -7.923636560303120024e-01 -8.471876695659799061e-01 -5.593931068762032499e-01 7.646657579847114805e-01
-2.042268141786027780e+00 1.160604702383131404e+00 -5.921702935494920217e-01 1.302945269173763299e+00 1.963585830014406897e+00 -2.192838471920120380e+00
-1.925007920033511288e-01 5.898937708623765985e-01 3.087838986744051994e-01 2.897525889955624656e+00 9.132976858675175835e-01 3.292612544360573157e+00
3.140152737142025141e-01 1.468195112146162495e+00 2.221213904456011690e-01 3.161235504156368892e-01 -1.684446355309146659e+00 3.707536030123437243e-02
-1.025329867489424215e-03 1.539900968069702447e+00 -7.698021118885537417e-01 3.140119965144356318e+00 7.701024556260612774e-01 3.142649796801586515e+00
-1.656888652259312256e+00 1.567808922821211093e+00 -6.765450336548783916e-01 1.503761034726051049e+00 1.624865026390695188e+00 -2.463867282788820390e+00
-4.554694161848442113e-01 1.760873776931002777e+00 -7.489643993271024591e-01 2.617721052757080891e+00 1.074483418429724502e+00 3.410049201239548911e+00
2.837455104840451159e-01 -6.126075108127682772e-02 7.003826840251613506e-01 4.546465290904608270e-01 -6.911355945551833635e-01 -3.601920724285403996e-01
-2.212625650814291356e-01 1.926596141279489915e-01 6.654795141901318489e-01 2.852649308741186385e+00 8.790318983890833549e-01 3.328984017475324908e+00
-1.920288528567617670e+00 1.284162761609552117e+00 -7.288689348633821119e-01 1.380970993005552261e+00 1.866031014012754730e+00 -2.154406789590448401e+00
2.481219962391583156e+00 1.636778425646766344e+00 -6.246221602508440496e-01 2.400039223515692655e+00 -2.002692025788239683e+00 5.917061929337489978e+00
-1.440159271140175390e+00 1.295122804448496812e+00 -4.436358385991360231e-01 1.669316572747566729e+00 1.484858056641024771e+00 3.856655335362115800e+00
-4.290681271393113616e-01 1.140178916879994286e+00 7.702044240789564233e-02 2.687867544909097628e+00 1.250462390031383153e+00 3.293955833100146613e+00
3.297607359697061202e-01 1.146170109483209520e+00 -5.033842311710132744e-01 5.188294353808290404e-01 -7.116214274985486199e-01 -4.081472704630853543e-01
-1.097979533691588960e+00 1.133102681858153687e-01 4.778190221300530061e-01 1.848481318924178884e+00 1.183034891699875413e+00 -2.216775634337628365e+00
-2.931030664781469230e+00 -8.953537163637228513e-01 -2.849746716142385061e+00 -2.781492573358391507e+00 -6.348459061682512061e-01 -6.577528299672239953e+00
-2.460455593249538664e-01 6.068451010512775357e-01 8.304037559240894095e-02 2.765858566090950266e+00 7.256231773717721767e-01 3.428533741233370957e+00
1.686119887475595380e+00 1.601920262355534863e+00 -6.334880107580899145e-01 1.665956531301801880e+00 -1.636033113898237579e+00 5.683935051129721749e+00
-1.382418226468104416e+00 1.403877063375436274e+00 -5.850260422322669518e-01 -1.432446576157984985e+00 -1.442526231360059974e+00 7.430394840626176611e-01
3.249831656423574078e-01 9.584322663215333327e-01 -3.291485582828105466e-02 3.991035873390305633e-01 -9.643585051839914657e-01 -2.358938248822875228e-01
-1.520495920448520000e+00 8.002949585502986407e-01 5.652452408503757519e-01 -1.521549253705988036e+00 -1.560542729387086158e+00 2.050108418837048585e-01
1.850475808385024123e+00 8.914618019635206503e-01 -7.603390451581840681e-01 -1.533261117880678981e+00 1.848005469845547921e+00 1.707161794270563471e+00
-2.162844246122205050e+00 3.881835752166832854e-01 3.914877913638228901e-01 -2.012457065537386569e+00 -1.978887992648534322e+00 6.982874399995329107e-01
-1.973145775544524194e-01 8.671900844749620418e-01 -1.615833170594673240e-01 -2.990607718046565666e-01 -7.280818938129324236e-01 2.262028541923847003e-01
1.078664237448475172e+00 1.615324727627627910e+00 -7.707182174651723283e-01 1.189534666139950625e+00 -1.251646794592086831e+00 -6.640885773359471722e-01
-2.913308942336824359e+00 -9.087108553338930639e-01 -2.605230622774187488e+00 -2.573377920149702902e+00 -4.339579267215676883e-01 -6.808221515405387336e+00
-1.315447043223004542e+00 7.013073263639355570e-01 2.964534711220563890e-01 1.786720307023470733e+00 1.433421322423063637e+00 -2.583465717823580032e+00
1.608719505250665538e+00 7.549258357699650812e-01 -1.428088779217566995e-01 -1.548996169430935321e+00 1.601836327116107572e+00 2.183244565384255154e+00
5.062586951096645915e-01 1.455250423156649875e-01 2.061567356868241330e-01 -2.126629410744652393e+00 6.075692336271700800e-01 2.218487571060684616e+00
1.671224479988159928e+00 1.281031833677945597e+00 -1.170586325172920716e+00 1.581903019368972485e+00 -1.670616973408362016e+00 4.823386196370797130e+00
-1.635142465535729672e-01 7.506681557546400763e-01 3.370274832715255964e-01 2.957394054837867436e+00 1.094680134867241472e+00 3.226778619840298123e+00
-1.338126287391501856e+00 6.007232461975543503e-01 -3.287555420993888977e-01 1.634358033643051211e+00 1.346831904091226217e+00 -1.849905653594050570e+00
-6.937414270666721061e-02 1.754121969802527214e+00 -2.347456758095412266e-01 3.072127267645194504e+00 1.519502478241131938e+00 3.145159631863041039e+00
-2.041028320565329235e+00 1.917054582278205244e+00 -1.090721377381392854e+00 -1.928514761448513193e+00 -1.882834338750156489e+00 6.875976172348532423e-01
-2.992895218081742303e+00 -8.707769135815389694e-01 -2.681546140757264940e+00 -2.782803231364910701e+00 -4.353765534286680450e-01 -6.610947437656597536e+00
1.201702064851796425e+00 1.450355758899046332e+00 -3.698275719912448856e-01 1.241938161821651843e+00 -1.400098284776532642e+00 -4.618857043505060767e-01
1.324902771816410363e+00 1.727487800648944249e+00 -5.390514188905420889e-01 1.342020309655409305e+00 -1.479843232368435180e+00 5.911288191354537425e+00
-1.351019033818612991e+00 4.530023239000450785e-01 6.203794775681093637e-02 1.680381618646090258e+00 1.379913201401646861e+00 -2.096329666673539371e+00
2.041311777815824069e+00 1.067497441791775081e+00 -3.239920972969778101e-01 -1.239235010605036491e+00 1.911023713833433391e+00 2.371776182651881726e+00
-1.853843776689117151e+00 1.178598514299886713e+00 -4.125569393901752369e-01 1.371816872354401307e+00 1.773442506511414107e+00 3.926042880726711815e+00
-3.767695923373067801e-01 -2.023760742407328395e-01 7.695077899506085339e-01 2.506838683660264522e+00 6.692594669371968452e-01 3.665347039930607842e+00
-1.191649686256036844e+00 5.550269000150462873e-01 -1.444076400912907010e-01 1.728507365806611462e+00 1.224562477772716429e+00 -2.009040486101298928e+00
1.415151639745121814e+00 6.337743106062802001e-01 -4.073720035379554405e-01 1.535593021943331360e+00 -1.419159808162643088e+00 4.941458235617142591e+00
2.536394454979511437e+00 1.115969521626755334e+00 -8.273209889922689131e-02 -6.780128825253081137e-01 2.005442125518378305e+00 2.814626992306001885e+00
-2.594174338426433746e-01 1.481932945227304232e+00 -2.071573437283791286e-01 -2.706600891297596956e-01 -1.284961625850873812e+00 7.807693624944951616e-02
-2.488093882378845378e-01 4.396479344920700694e-01 -1.266859447853483089e-01 2.451820577763459852e+00 3.972538640500632434e-01 3.791912282825793401e+00
5.262824880605717626e-01 3.636848812988663360e-02 6.162769441868647391e-01 7.631664940035731703e-01 -8.134898323771763140e-01 -5.813373707285101055e-01
-1.402226453383535132e+00 1.338036514964386026e+00 1.309914898780223658e-01 1.738514147952411326e+00 1.553747171463178312e+00 3.241921502704357749e+00
-3.408275864471953520e-01 6.084007536384079540e-01 6.755616491294409443e-01 2.787416950591175446e+00 1.300904267690220051e+00 3.239866077381899245e+00
2.637388613770457746e-01 1.690961786686389356e-01 2.208646386367977832e-01 -2.523832492248045511e+00 4.669550922026080575e-01 2.576211635811306078e+00
-1.111338236893024911e+00 1.558226706491784297e+00 -5.705320892802202559e-01 -1.179113321395623526e+00 -1.324122288475502396e+00 5.339194645520043414e-01
-1.456447889431486509e+00 3.878699316066219760e-01 6.431898205367564403e-01 1.669000774903550699e+00 1.512118831543975306e+00 -2.604729015147552840e+00
-3.053167773675787178e+00 -5.017439754745477432e-01 -3.390647086091298501e+00 -3.012306288218540740e+00 -7.549763201073578234e-01 -9.441583987503408826e-02
-1.356962852994762825e+00 -9.777048057305264273e-01 -2.603827717371306694e+00 -1.478576461382089313e+00 -1.764002534763447150e+00 -1.121920611936715995e+00
-6.655014430012325954e-01 7.326113880544199430e-01 3.435503419176990647e-01 -7.283003758865426169e-01 -1.188115442414632739e+00 3.214789075944976537e-01
-1.154776419977296520e+00 8.971910779727757523e-01 -5.229562921822307198e-01 1.730930306999435508e+00 1.185151800964639790e+00 4.306815259584733546e+00
-1.291341575506143480e+00 8.345385270056471239e-01 4.479798045464446488e-01 -1.302314503072477647e+00 -1.492291182370343527e+00 2.776724795293994408e-01
4.458331195762310628e-01 9.984746261785486521e-01 1.704472034554120885e-01 4.789723941357401094e-01 -1.210114536500863203e+00 -1.812597156479738847e-01
-3.732518873088866429e-01 1.011903743357519758e+00 -9.669358298049407496e-01 1.685161157859747405e+00 3.758230647639167477e-01 4.589532198907013694e+00
1.070828503857661207e-01 1.084083503378284741e+00 4.728447274171991843e-01 3.248709558274777809e+00 1.557019525944263405e+00 3.140110739195965728e+00
-1.003137341303879243e-01 1.351030491525523569e+00 3.269541217100410124e-01 -1.008923038006894757e-01 -1.677445646277916369e+00 -1.077566687730310314e-02
1.695568057540079998e+00 7.921215545835106342e-01 2.580906585601395672e-02 -1.479523291421787512e+00 1.655994074080135992e+00 2.392612817371854383e+00
-1.122524053544223133e+00 5.247299042319492068e-01 3.973303998694459604e-01 -1.204826714423810508e+00 -1.305846417754148669e+00 5.994219527264158520e-01
-2.840070045789447849e-03 1.122883947669283344e+00 -2.195499099415705868e-01 -3.616215831206700138e-03 -9.033321490434362833e-01 2.238459423665377021e-03
1.136569828527057791e+00 1.805482406669897344e+00 -6.089183445428558716e-01 1.163302412884384296e+00 -1.416387075305399756e+00 -3.422626737589607449e-01
1.880607205840724827e+00 1.721884843401166876e+00 -3.779727177237063862e-01 -1.268442823473333370e+00 1.639437970216108598e+00 2.925161081508296679e+00
5.268076923175537551e-01 6.368018583400285593e-01 5.965931985207983956e-01 5.523792531583606724e-01 -1.280600035173655504e+00 -1.745793599820667508e-01
-1.326045930124346350e+00 1.582111755341427228e+00 -9.653772348084149746e-01 -1.427331865646116249e+00 -1.371807460632362696e+00 9.397118244104604168e-01
-7.866693613045298850e-02 1.031888533372189443e+00 -1.051971806905541290e-01 3.043323770096602932e+00 9.290060428512845192e-01 3.200542343841918047e+00
3.748543992140686010e-01 1.331159200717089375e+00 3.818615272628951840e-01 3.783236261774184928e-01 -1.703089181976605193e+00 5.237884004653422382e-02
-3.311541741833459729e-01 1.207300721511253672e+00 1.547760129348740854e-01 2.803631350610234829e+00 1.373569155616773285e+00 3.210351512351042658e+00
-1.385919264279696694e+00 -9.080859095042917994e-01 -2.586945447248568897e+00 -1.506156484619240343e+00 -1.744131693708935060e+00 -1.211746104936733737e+00
-2.635018238463909257e-01 7.442244206084269731e-01 3.738976172784844731e-01 -2.914495776534670179e-01 -1.134844126802009523e+00 1.260089935707017217e-01
3.453796547607233536e-01 1.338336014355556269e+00 -6.141132542448123344e-01 4.975106583700198426e-01 -7.886761592884220518e-01 -3.655510503768101827e-01
1.977315124919904743e-01 1.145107163855856092e+00 2.594422361510411168e-01 3.342016528620912474e+00 1.407817806784830816e+00 3.108640809934085869e+00
-1.328359570959941394e+00 9.756623082251441037e-01 -2.121197250334647955e-01 1.740156708254035456e+00 1.396495358892555494e+00 -2.349163270964636396e+00
1.263226870101201715e-01 1.067170263116117734e+00 1.503176437644557495e-01 3.276133202541682277e+00 1.220427446168629526e+00 3.095165694383616106e+00
-1.636674175889475835e+00 1.805781191468979863e+00 -1.171202327548678035e+00 -1.609887168289854786e+00 -1.623829279659961378e+00 9.351774320407156837e-01
1.823040687918293240e-02 8.092902280604052923e-01 6.827067331592278077e-01 1.828716463137770865e-02 -1.492028156965931274e+00 -1.439232951327576102e-03
-3.001167309353309776e-01 1.015353567141990654e+00 -6.319000307537938621e-01 -6.910100503681353423e-01 -4.823116486090816002e-01 6.323302135284866177e-01
6.558943627220147343e-01 7.471051707518081564e-01 -6.391210214331577433e-02 8.838159849351769903e-01 -9.088717318214019070e-01 -6.430567695413370588e-01
-1.593515598287833512e-01 1.276629739407547648e+00 7.026675148426024531e-02 2.978237523102806428e+00 1.349779408937959557e+00 3.177708443571526598e+00
1.722644303261809506e+00 1.260451176668807793e+00 -5.194893493642788185e-01 -1.467868234547334394e+00 1.682641509184534145e+00 2.317518606465482911e+00
-3.886640134968491478e-01 6.234406160718424239e-01 -2.728241891038610811e-01 2.268840793088635621e+00 5.173885567524969531e-01 3.944651023144192248e+00
1.663660422773707737e+00 1.323571134538221949e+00 -5.529195485439720725e-01 -1.506009560504925515e+00 1.637381714868823890e+00 2.343599670974727989e+00
-4.789188093964013571e-01 1.419197028831068949e-02 5.779084580058161391e-01 2.392318730581072472e+00 7.430443013824619136e-01 3.742208075209623175e+00
-2.382962793798291123e-01 5.163418976654948755e-01 3.264420247552683729e-02 -4.355573893413134390e-01 -5.935741646988305087e-01 3.681612580335001383e-01
-4.336294924397381956e-01 1.299659050575685093e+00 -6.739093851384500011e-01 -6.689662762515754535e-01 -7.443790187151556603e-01 5.266871803012235231e-01
-1.147313670387180906e+00 8.914331998170946791e-01 -1.232206109736544014e-01 1.874335402432998787e+00 1.270786298658609370e+00 3.897943210597369035e+00
-1.538767957352299209e+00 9.408184936107895080e-01 8.001767321515892983e-02 1.598107636907536655e+00 1.554054565832283519e+00 3.691318115356149843e+00
-2.774043924560609664e-01 9.728504086174265542e-01 -5.919073810107188249e-01 2.488103881397143446e+00 4.672212307792377728e-01 3.741263348743809836e+00
1.580927437401437485e+00 1.494186948179375030e+00 -9.068544916799552436e-01 -1.565180496297953194e+00 1.579235622668481387e+00 2.158147765868422496e+00
-4.328247450297784821e-02 1.093481756785477765e+00 -1.546437917599894074e-01 -5.362605475287299250e-02 -9.395180316287976563e-01 3.166909129923971972e-02
2.004673661641871885e+00 5.474792918817807941e-01 -5.995180527660606135e-02 -1.357074840450904984e+00 1.951332825592736686e+00 2.099628591327086458e+00
-1.682483331816844618e+00 1.101827978105163863e+00 -6.135993294795621944e-01 1.518236598822729988e+00 1.669395160216181617e+00 -2.061612248154497617e+00
1.669178092062910679e+00 2.549228196339423658e-01 3.391331572294261631e-01 -1.515604841497583788e+00 1.652287013959547801e+00 2.167099794713820859e+00
-1.105073661497060433e+00 3.957760242624814295e-01 3.778287474433953963e-01 -1.233061266258697275e+00 -1.243732032248093144e+00 7.409295219973294211e-01
-7.440964371989834680e-02 7.766508390274501350e-01 5.949063441094490923e-01 -7.590523436859521189e-02 -1.372128737750864413e+00 1.500893785396774198e-02
1.539143689786095059e+00 3.695238308210671563e-01 -9.877711406964599997e-03 1.559649347447437773e+00 -1.541164377639729022e+00 5.072207893823503788e+00
-1.432676108678160087e+00 1.575337818328923722e+00 -1.652539675003527470e-02 1.708909867353610723e+00 1.569142892973968584e+00 3.153455788060730569e+00
4.781137512310290605e-01 1.786320302222388134e+00 -1.110904382633956633e+00 6.920961154044603658e-01 -8.052513520234511057e-01 -5.213446345457992681e-01
2.841186608518466272e+00 1.530586928173620631e+00 -3.701853777334012108e-01 -3.257940903324492710e-01 1.961775883113917152e+00 3.013550334946779152e+00
-1.266585070049018213e+00 9.533064159647544056e-01 9.387724576163276879e-02 -1.305316108735901093e+00 -1.420453778681542545e+00 5.034941064129936361e-01
-5.509001970977095430e-01 5.605700872999223039e-01 4.921179562018943576e-01 2.526101062887411430e+00 1.135192522075473942e+00 3.431559482725021315e+00
2.199112405422990607e-02 2.882725645272766202e-01 2.633655255793977412e-01 4.206515557129073685e-02 -5.520294121423371392e-01 -3.583828747350234489e-02
-8.388295147424888742e-02 9.341251969803688882e-01 -2.457794518292630848e-01 3.010011426699342518e+00 6.926159217102186849e-01 3.243091685804130986e+00
1.824084048936574831e+00 1.126585328554962517e+00 -1.914915364627454153e-01 1.776142358237609464e+00 -1.720129757132778714e+00 5.662905329177199576e+00
-1.165804668987770354e+00 1.219175804651679629e+00 -8.022184887113170682e-01 1.742700749542676064e+00 1.202251280896029284e+00 4.263308139425226351e+00
-1.866031455812591666e+00 4.860176511558341739e-01 -1.403257878771475287e-01 1.468108862011880733e+00 1.848092780275602198e+00 -1.930822244917310915e+00
1.812142359842520589e+00 1.072862621972623609e+00 9.126238200777746223e-02 -1.348462905234637077e+00 1.665485403048753810e+00 2.745491469220063596e+00
2.680981865896239769e-01 6.845582634861735460e-01 6.279290266019150746e-01 2.768331537000708886e-01 -1.321926071907373323e+00 -6.986923063308848880e-02
-8.355281158099318872e-02 -2.211742477791026895e-01 6.170386297772758599e-01 2.927879207022090036e+00 4.041306906876508953e-01 3.338541105034578127e+00
-1.464757770360183509e+00 6.627823762438153077e-01 2.037266741236345990e-01 1.651728253003139857e+00 1.502216674159811083e+00 -2.440077134778821488e+00
-3.050158141353337404e-01 6.113500873030328631e-01 -2.266025442630100195e-01 -6.978632461290944500e-01 -4.862138691658549616e-01 6.380054748218549898e-01
-1.811799219955297024e+00 1.358913175711405907e+00 -4.797015467683117262e-01 -1.757890496035277028e+00 -1.723601923713665496e+00 6.772132460216756522e-01
1.262732020823498447e+00 1.882154779905354847e+00 -7.774995440949180603e-01 -1.847734602810671811e+00 1.434097629180314470e+00 2.694526218474053270e+00
-1.241707823840631386e+00 9.392991649668225307e-01 -9.833331051700158754e-02 1.820031847496276001e+00 1.353611813340562575e+00 3.844103738709974571e+00
-1.483455410609362701e+00 -2.691590595677770814e-01 6.493012547544910751e-01 -1.538317917246791566e+00 -1.489696838241999055e+00 1.189346512591815452e+00
2.901749469758640121e+00 9.648496906655262828e-01 2.466276616147437262e-01 2.886070057311998394e+00 -1.919375858515425470e+00 6.194192959807305776e+00
-1.551189034652723064e+00 7.256843842034803593e-01 -3.132083706228725450e-01 1.578660545235101687e+00 1.552828365962504398e+00 4.299834763015129013e+00
1.204634684264114242e+00 8.588591810221066769e-01 -4.184580433848784087e-01 -1.732822396473844062e+00 1.240981957929818025e+00 2.038211059948984882e+00
-1.364199949152118174e+00 4.137306295897579811e-01 4.492843855488398153e-01 1.728713002891647754e+00 1.437038093646210379e+00 -2.444410561317973851e+00
1.612830491177984049e+00 1.220962032165926692e+00 -5.153740633726940912e-01 -1.543526614335375635e+00 1.602795548502944145e+00 2.276814087284356081e+00
-6.685282829133781801e-02 1.568153082880424876e+00 -1.582880185721049493e-01 -6.772576429790586050e-02 -1.410224585530654107e+00 1.084466228689964090e-02
1.967422666581712720e+00 6.323548747411069648e-01 -3.491553013162437269e-01 -1.454298696873715491e+00 1.950801756992222913e+00 1.876417054888489533e+00
-1.276322613642496995e+00 4.762270639146462536e-01 1.263045393506974923e-01 1.741024756447773436e+00 1.329326542696280145e+00 4.089147414981809447e+00
5.893096684685643627e-01 8.398553947331532932e-01 -1.709093477104144942e-01 8.229624632793184347e-01 -8.603714168106670890e-01 -6.127958214383754099e-01
1.935101902508617189e-01 1.156004135482328055e+00 6.692664091984175390e-02 2.055072537479978312e-01 -1.229687672434196077e+00 -6.962141094440461864e-02
1.683269612295093642e+00 1.657805576138802861e+00 -8.430890650459379465e-01 -1.488804849371261785e+00 1.647881549864097517e+00 2.388670900702077216e+00
-5.655249330225166349e-02 7.312171751073596182e-01 -5.337749602266335103e-01 2.861085336030187776e+00 2.052817700335927975e-01 3.416497988950539355e+00
1.215542950879609438e-02 1.540029950547192827e+00 -6.992696019065944846e-01 1.631252168527500337e-02 -8.408233057314177250e-01 -1.087864493258308002e-02
-2.125889195264522025e-01 3.183004403562020856e-01 5.014069226860961015e-01 2.854505877504609046e+00 8.405329658788928127e-01 3.336039213119111668e+00
1.262349828927733952e+00 3.622619189100443893e-01 4.304698335296682637e-02 -1.695763286248163970e+00 1.288065277762477701e+00 1.993903146950055660e+00
2.024970789495417200e+00 8.493972596723756707e-01 5.392633606427132964e-02 -1.204650812268345916e+00 1.845813990777824598e+00 2.525353168780408719e+00
1.214081280664696338e+00 1.792003513949463001e+00 -1.727428581362382420e+00 -1.594837809532623663e+00 1.214851781172679557e+00 1.639694361003804834e+00
-9.965228892996255139e-01 1.652052412395067948e+00 -2.846338522644540348e-01 -1.005975940838222060e+00 -1.460854148751142390e+00 1.714406696671554042e-01
1.452915961600390604e+00 7.068260001232822276e-01 1.071137424093949464e-01 -1.656678480449109481e+00 1.489958088928559521e+00 2.388205349527972032e+00
4.456831382170935996e-01 1.532829106598562197e+00 -6.170395072856637020e-01 5.422023776074459400e-01 -9.888384385921569208e-01 -3.197690241310249815e-01
2.050767041821598635e+00 1.632907141683952013e+00 -1.226691233369376910e+00 -1.367925660466365434e+00 2.007099999999999884e+00 2.022323635050709001e+00
-4.600357783613187035e-01 1.769152726647705398e+00 -8.347775261066404662e-01 2.589417934354285578e+00 1.009205595646057718e+00 3.458618413664554136e+00
1.468649224365630390e+00 1.016692741189120897e+00 -8.029041894944132229e-01 1.549049141461360968e+00 -1.470976897660308147e+00 4.927269250727926320e+00
-3.466430514166077836e-01 4.116731384743373412e-01 2.138973219463010389e-01 2.588921180462381955e+00 7.037693610935811250e-01 3.581145963696700907e+00
-1.680583138702745227e+00 1.261320948546172716e+00 1.585076207602020837e-01 -1.679340986865313745e+00 -1.587269426218424151e+00 1.500658907861983082e-01
-2.199851051762971299e-01 9.866384442716046310e-01 4.176447769509126218e-01 -2.229705571666046326e-01 -1.408336671484415881e+00 3.665895655758374255e-02
-3.849000731394967567e-01 1.791001868632492444e+00 -1.434666264016041526e-01 2.755666882836397935e+00 1.641912464441917852e+00 3.112728624847572956e+00
2.070291361226614946e-01 7.645702222385215574e-01 -7.087537493623244367e-02 -2.824154507561395633e+00 7.189855364014405836e-01 2.899221451869451904e+00
6.540925170949710710e-01 6.745834804255482764e-01 3.706058997273847244e-01 -2.416378356131609895e+00 1.161265135369677459e+00 2.802315528151132273e+00
-2.007495122206605753e+00 5.432885522032783188e-01 -5.707011179961206382e-02 1.356046979157669030e+00 1.954035720060168346e+00 -2.098842522540214972e+00
-1.429684721715349660e-01 1.219708294366803614e+00 -2.826191045180044825e-01 2.964817560075283520e+00 9.445606857284057911e-01 3.245914408530164774e+00
4.509097916576116916e-01 1.118136757624233146e+00 -2.272107388115565396e-01 5.568934934167741879e-01 -9.693230291933189191e-01 -3.387426290352350544e-01
1.464169712241896182e+00 1.739793739425324448e+00 -3.913413048539017280e-01 1.466772445901915578e+00 -1.547321488903147024e+00 6.062070053173549411e+00
1.746347862371195880e+00 1.218279919455592886e+00 -4.375626678625343935e-01 -1.446601533691650454e+00 1.695197577215021401e+00 2.359250232598697483e+00
1.527641981023712070e+00 1.820785144510574716e+00 -4.777577468544530470e-01 1.528752543147630760e+00 -1.561049758965314505e+00 -2.275574397542836080e-01
-8.555054690804927975e-02 3.615843401654379452e-01 3.741602002875607513e-02 2.924532922822233427e+00 4.075890225417078128e-01 3.341346403523837161e+00
1.400611957565059407e-01 5.755016474509228042e-01 1.029275525395575708e-01 2.209149136524324042e-01 -6.904858538024502002e-01 -1.714255396859730995e-01
1.318265231807614901e-01 6.283281470567380067e-01 9.037187998858194418e-03 3.360788213528139945e+00 6.489981855683584211e-01 2.965945637279384872e+00
-2.722781440329770319e+00 -6.075500802301250225e-01 -2.857567272419074378e+00 -2.190872584867186834e+00 -5.232942243520807279e-01 -8.813848644723467629e-01
-5.392101229613841529e-01 2.319523612937143264e-01 5.335977010484845851e-01 2.429354823056815604e+00 9.037158137167287109e-01 3.632221460381236611e+00
-3.746687499692644141e-01 -2.343279210060128237e-01 5.776573745144901739e-01 -8.627158693965092384e-01 -5.026362732752774898e-01 7.970132817931446789e-01
1.175505850317405843e+00 1.128637900603073341e+00 -8.211471190280457133e-01 -1.696413564211893821e+00 1.195003352416377451e+00 1.902195865527822383e+00
5.303868584606827863e-01 1.664907331783747280e+00 -1.264166307900612241e+00 9.837937264330572917e-01 -6.529909861439172625e-01 -8.735877952253054968e-01
-1.529154560434069055e+00 -7.377386479283446485e-01 -2.795292785951669412e+00 -1.554899264111170964e+00 -1.609291764648453249e+00 -1.179058309715949049e+00
-2.029621579652320040e+00 9.460410829163171664e-01 2.423134586198152918e-02 1.183790104157294465e+00 1.823747570141539986e+00 -2.590899828590830900e+00
-4.132487260456968459e-01 9.786001998048226014e-01 3.555581153997848243e-01 2.717850825808738158e+00 1.354412005786377549e+00 3.238136880878975443e+00
-6.476402215515796035e-02 1.719425292178667020e+00 -9.478646615862091895e-01 3.048847349162411735e+00 7.737149193836483363e-01 3.208027611282747049e+00
1.795244139708452424e+00 1.162451267835569180e+00 -1.107206051110729339e+00 1.583401056113613148e+00 -1.794902020218350769e+00 4.769048951909400813e+00
-2.415590158275721655e-01 1.017477225068352809e+00 -1.703829790173934933e-01 -3.176535339809704594e-01 -8.724628998341090735e-01 2.083267201796795420e-01
-1.266891993519449144e+00 1.678539977988860565e+00 -3.538332501883647008e-01 1.866079010676828132e+00 1.497827756382015929e+00 3.376818730159653281e+00
-4.970199035196821713e-01 1.321241120603902974e+00 -3.270958108602878278e-01 -5.743252977752157928e-01 -1.070991486997813658e+00 3.007170378798968424e-01
-1.200578396737686626e+00 9.737336779195852055e-01 -5.378981158183291367e-01 1.733210572791157311e+00 1.236611951317231561e+00 4.249093248739280071e+00
-1.600059795529003237e+00 1.820544805358339069e+00 -1.013915840998852014e+00 -1.591927513313219800e+00 -1.591049427392046134e+00 -5.519227862191584677e+00
-1.296239757893638718e-02 2.563574734536344102e-01 5.625698270124244171e-01 -1.772927094448496083e-02 -8.190158651201008277e-01 1.210487846637010520e-02
-1.152967276908127420e-01 1.510643568312583618e+00 -8.197768878906291912e-01 -1.797920998981465401e-01 -6.988555918701604419e-01 1.382611168881700825e-01
-1.618334778665385887e+00 8.337923366068140663e-01 -3.564865869345824612e-01 1.548946979805706503e+00 1.613012775969720147e+00 4.234614508307100955e+00
-1.846445183791675326e+00 5.181105849443953248e-01 -1.977533209752246612e-01 1.481961313975775241e+00 1.832089080536794423e+00 -1.902824812000279975e+00
-1.467069599413193481e+00 6.974541663096418542e-01 2.063273316166168783e-02 -1.502406385781888343e+00 -1.492739727014867901e+00 8.500307071833513861e-01
-4.725889591710912829e-01 1.640230885642463887e+00 -3.640109407707942113e-01 2.650934067416099715e+00 1.309317049282479051e+00 3.278826851003877607e+00
1.837664722390438765e+00 6.750649287382238795e-01 -1.978307478583989365e-01 -1.445876546720711753e+00 1.807245565925688746e+00 2.062879867524741062e+00
-1.712010396097526810e+00 1.004953082198782432e+00 4.037587890754659736e-01 -1.710181088797781301e+00 -1.593506153649400403e+00 1.604988612380377211e-01
-3.910013263871704031e-02 1.354209513960303202e+00 -2.179774298887790784e-01 -4.310264403750938694e-02 -1.136582706472882398e+00 1.814263538966166475e-02
3.236277902232069792e-01 2.912078001884408351e-01 6.369851350917622446e-01 3.967314660525799175e-01 -9.665217261569778451e-01 -2.336737184894926711e-01
-1.325904576107211241e+00 1.894726306538838667e+00 -1.053753937085722736e+00 -1.386654863998336706e+00 -1.408437667792053372e+00 -5.568381446497670417e+00
1.412082843791790276e+00 1.795294108635225205e+00 -4.455666919021409322e-01 1.415880013281884953e+00 -1.536129591524237226e+00 6.064813742150016118e+00
1.557785842389295405e+00 1.608454321379865437e+00 -5.373346854984959453e-01 1.559373924427382097e+00 -1.564557403346487741e+00 -4.996347431367494929e-01
-1.444450934371282802e+00 1.820010112370525901e+00 -6.010919183400819099e-01 -1.452114762246965007e+00 -1.527347255850372232e+00 3.492903548022343596e-01
-1.522412084964632761e+00 1.227526530114647407e+00 -7.668500094132402189e-02 -1.526607346342111038e+00 -1.551071320804931153e+00 4.195120757660338318e-01
-5.346222321928088828e-02 6.937045686251737120e-01 6.594942472656722954e-01 -5.475433875343176104e-02 -1.353497013992496445e+00 1.181625263536779068e-02
-6.177228976136242555e-02 1.404669788460495727e+00 -3.627601691832607611e-01 3.070077021439116205e+00 1.043027921476975761e+00 3.177653876823249846e+00
1.728255849601658012e+00 9.396163133605777151e-01 -8.638854778061307860e-01 1.582808118726970470e+00 -1.727794804891536584e+00 4.789069783966819038e+00
-2.247253935907283784e-01 -3.798333120220206971e-02 4.266650541063140012e-01 2.598982292620821255e+00 4.460934021100838587e-01 3.639793148384014465e+00
2.086926463960635303e+00 1.723570626715342557e+00 -8.130002584303498425e-01 1.992145780363607122e+00 -1.878284152670578910e+00 5.689220582203720511e+00
1.550014703866461563e+00 1.304512512035728378e+00 -3.256051103502705102e-01 -1.588040503982046658e+00 1.559207286696231654e+00 2.549796407980834179e+00
2.015168011181362184e-01 1.170283030924117895e+00 -2.476314298340397402e-01 3.392444975138026564e+00 9.378930833268446232e-01 2.991170390067371621e+00
4.023401848076504361e-01 8.630998182342883851e-01 1.966624310533315045e-01 4.539174015892199487e-01 -1.104000674578607288e+00 -2.161385626577916608e-01
2.932768600124079361e-01 1.504703505961311194e+00 -3.009326239290520677e-01 3.129071754540556083e-01 -1.220132434916421982e+00 -1.106886818476113671e-01
5.396597394639742612e-02 4.605894209813492512e-01 6.965948969549480285e-01 -3.082665567601377443e+00 1.157807029236101348e+00 3.117919042284624354e+00
-1.630442024436977722e+00 1.341198356970866090e+00 -1.894534459406201909e-01 1.516303511862620246e+00 1.595048161215606441e+00 3.559975203802244526e+00
1.339735347557095002e+00 1.271238481111147900e+00 -6.878475914778330313e-01 -1.699669512142275130e+00 1.378485851831453335e+00 2.166628313301212305e+00
-1.485839333912441607e+00 1.527332565964947264e+00 -1.608242900117338448e-01 1.653998455008090840e+00 1.553576420681032300e+00 3.345156269797147974e+00
-2.077221536374906030e+00 1.262367363110143526e+00 -2.404954310589039745e-01 -2.012764251170647167e+00 -1.826658365579505006e+00 4.911359974824380248e-01
-2.678134028764424523e-01 1.670293713237032351e+00 -8.033699912267335819e-01 -3.455184531031272321e-01 -8.968102936353867793e-01 2.209847598888873832e-01
1.331364237673412720e+00 7.247649249344984002e-01 1.537385364626530845e-02 -1.733955292651649494e+00 1.394786091702312936e+00 2.325355260778572131e+00
5.812903219302946178e-01 8.911444187288414254e-01 4.173964117823675823e-01 -2.544224748821676041e+00 1.352389764059576116e+00 2.995244203134172611e+00
-7.843608282349097405e-02 1.019469830865068483e+00 2.783940177283424355e-01 3.060154114067243469e+00 1.298723852856514815e+00 3.163522849528455083e+00
1.826466750924433891e+00 1.442968111292229905e+00 -1.419524872073956168e-01 -1.323994426237593114e+00 1.638254972131870657e+00 2.880174671076617621e+00
-4.936006993116703878e-01 6.013977991187330341e-01 -2.903077398246610707e-01 2.087978699361157986e+00 5.765226356912807049e-01 -2.166951545241687427e+00
1.148027855330643748e-01 5.010960600246443519e-01 3.312971477232463102e-01 1.546360426286129686e-01 -8.383698509678780830e-01 -1.038492007274758044e-01
-5.674965239647753457e-01 1.885259194692884277e-01 2.617415461213531414e-01 -9.716741318184201059e-01 -7.087113122915091878e-01 8.383033575591575248e-01
-3.900137436211820741e-01 2.827687851502455607e-02 6.203480002809131921e-01 -5.974387337339642778e-01 -7.420778685217848114e-01 4.648321129780721983e-01
1.374660303554077201e+00 8.892424185338347886e-01 -1.395432194315661401e-01 -1.705363836997654703e+00 1.427680015585626183e+00 2.330148138157877025e+00
-3.011557058680255139e+00 -9.677366008831945754e-01 -2.374822106876967265e+00 -2.561864439470495469e+00 -2.388901643137622544e-01 -6.849785237139808025e+00
-6.603927492521631804e-01 8.364114308313573831e-01 2.741262261867684624e-01 -7.142593992970625028e-01 -1.212380093159401984e+00 2.952375162743479109e-01
1.888688193600627896e+00 3.150049728952603600e-01 1.209545424027744787e-01 -1.432729638025658891e+00 1.858064746014390423e+00 2.026748422172002684e+00
-8.284929377668313888e-02 1.135485645695216261e+00 -5.321021472271058039e-01 -1.453280835525079806e-01 -6.083375832132945638e-01 1.195326401097134700e-01
9.108981122809521602e-02 2.570006233861657496e-01 6.988627417289940968e-01 1.113387563502181293e-01 -9.587748219906381264e-01 -6.413641140596836043e-02
1.659054655410652002e+00 1.113695660404033339e+00 -9.363161584388591807e-01 1.586408015417798634e+00 -1.657660154068923308e+00 4.890451605445723438e+00
-1.274649745077369500e+00 4.071918414179040990e-01 4.888448415063484931e-01 1.804698082201845022e+00 1.387453069376614279e+00 3.794746099968214104e+00
1.784798574317770337e+00 1.161238106408208681e+00 1.874425988287585498e-01 1.779692440861539771e+00 -1.617592180510483146e+00 6.065982174504369162e+00
-2.101537156823503061e+00 9.428351502659909622e-01 2.945766956549664140e-01 -2.077160990268062779e+00 -1.737198265904713601e+00 2.902326901527089720e-01
1.414895009762314748e+00 1.908570472159641263e+00 -1.350199893232757020e+00 -1.653876615250055027e+00 1.438730981996379610e+00 2.134662541414817039e+00
-1.062765940587993840e-01 9.651086807983270122e-01 3.421892437506312556e-01 3.031569443068434566e+00 1.308814090696654775e+00 3.170190206732623750e+00
5.696859960617977059e-01 9.082769035959307180e-01 1.360383124767855778e-01 6.376296399958135686e-01 -1.133891077820492033e+00 -3.037872291195197749e-01
1.429083591023182720e+00 7.946180559228358531e-01 -6.210255540126242702e-01 1.546163472252526594e+00 -1.431232956448007965e+00 4.887696663005170805e+00
-1.306498622936312082e-01 -2.158491967076769935e-01 6.486535164837418099e-01 2.838117754823314520e+00 4.508986920758664141e-01 3.416307632073712686e+00
-1.593317004494002376e+00 -1.071085112086246127e+00 -2.361262885289939550e+00 -1.577255650204706150e+00 -1.549215368729782050e+00 -1.279965928801191755e+00
6.313779778730481684e-01 7.772822354081075913e-01 2.061995323488263476e-01 7.207763837151738295e-01 -1.107050694998123586e+00 -3.743976114426371127e-01
1.267686834016395481e-01 6.492870080379431474e-01 6.921073870275425144e-02 3.332763803979029493e+00 7.276280576082949647e-01 2.998080196754076443e+00
-1.730641673229380562e+00 1.655099854184482133e+00 -6.821971556923238644e-01 1.438322946363794985e+00 1.660517609201413114e+00 -2.549648400142002558e+00
-1.542920517623072696e+00 7.210880357083504499e-01 -5.389279794480785757e-01 1.575850351800035076e+00 1.543376207754441287e+00 4.530152779553091591e+00
-3.050044289189683511e+00 -1.005426580863855168e+00 -2.577158342225765786e+00 -2.929860667830970655e+00 -4.497859460224946648e-01 -6.474385236742636884e+00
-2.064628641708118995e+00 5.508665443875804257e-01 5.292087064724190215e-01 -2.014072913571062440e+00 -1.796074291998798866e+00 4.397587455771114762e-01
3.060494725589125942e+00 1.494644451873790914e+00 -2.553451495540053906e-01 3.055847696334175190e+00 -1.901151812105641437e+00 6.255310062152734218e+00
-3.083871435457538279e+00 -4.942623535304692672e-01 -3.421781648552904009e+00 -3.059094215276739526e+00 -7.761522655201877896e-01 -5.894898157634276270e-02
-2.107702720679107244e+00 5.209367008737121330e-01 3.310671783869462148e-01 -1.991962190743550298e+00 -1.914304754088833604e+00 6.446668683658409726e-01
-1.339517091415575623e+00 1.674877618193225226e+00 -8.335950427899432302e-01 -1.397003932767011625e+00 -1.417411929259010384e+00 7.161204316331162278e-01
-7.124197280478427041e-01 1.702161044430589687e+00 -2.194275836061881368e-01 -7.143435029763836042e-01 -1.504188093669527326e+00 5.765378391848075684e-02
-1.902753907877714479e+00 1.046964135574361299e+00 -7.309756811744791971e-01 1.464079536234470291e+00 1.885729969192473154e+00 4.379433513832933222e+00
2.155109023074187391e+00 1.781988368092567887e+00 -1.071718303680197826e+00 1.977930513165261583e+00 -2.002290999967432317e+00 5.513083057915737939e+00
1.462089848226950872e+00 1.417699925243986803e+00 -1.082534217497669315e-01 -1.675835628714608561e+00 1.542763610701047616e+00 2.881709929186865971e+00
-1.664908521822608956e+00 6.495555738230310294e-03 6.197193372305968007e-01 1.515534068008373092e+00 1.647006249012172185e+00 4.084075838399253477e+00
2.941202534349790287e+00 1.129204499199640166e+00 8.888891836872524210e-02 2.928441397184216477e+00 -1.916134184705907018e+00 6.210047815698723994e+00
-3.976487848575894213e-01 1.371413819866890593e+00 -4.427210737676458563e-01 -4.830493234081570386e-01 -9.858489967271929499e-01 2.818920419012905798e-01
-1.860701026081495124e+00 1.742446934201800968e+00 -1.169558693489024526e+00 -1.731110038191875367e+00 -1.813395362432664637e+00 -5.304856872609782670e+00
3.248781088780620246e-02 1.009808956250768608e+00 3.789489382507882365e-01 3.303281820339338398e-02 -1.388857765051803250e+00 -5.978993238050495269e-03
1.617788808163763248e+00 4.931685924759905415e-01 3.879562494937245920e-01 -1.534530415845847262e+00 1.600695432820058439e+00 2.452461650738765986e+00
-2.313985554110111198e-01 1.458159835616589017e+00 -5.094276669276593950e-01 -2.821978678251478301e-01 -9.677121303627633786e-01 1.629899019756038125e-01
-4.029207316200624223e-01 1.712894511686546273e-01 2.469824648884602070e-01 2.331997477827789655e+00 5.723747806492016643e-01 -2.418636305986641588e+00
-2.475965939699089624e-01 6.588624127120786822e-01 -2.381506989562476029e-01 -5.541099913345999273e-01 -4.843874648815001960e-01 5.009863964758587418e-01
2.149984707042753296e-01 1.654332766052493353e+00 -1.646141730038400142e-01 2.156864282512488962e-01 -1.491586455010089241e+00 -1.733571226690161504e-02
6.260107652795297017e-01 1.792275632728745682e+00 -6.251277643284921526e-01 6.662782612519158043e-01 -1.246866284115673906e+00 -2.452150534244864621e-01
-1.689541891226878256e+00 -9.194463512771762492e-02 5.291227730189274059e-01 -1.621263526530826393e+00 -1.678322804146057834e+00 1.130907827224475914e+00
-1.669217861374729051e+00 -8.943053972100510896e-01 -2.474944126000723443e+00 -1.593074581874403650e+00 -1.474927572249548291e+00 -1.342076715825914146e+00
4.961596955266355143e-03 4.674672019701087700e-01 6.907990127305264627e-01 5.415871250182961207e-03 -1.158287252395423295e+00 -2.171305577134923729e-03
-1.342729626287543221e+00 1.705532435747442621e+00 -4.445844520805714017e-01 -1.353239134001457344e+00 -1.501798366457330225e+00 3.023037416862890403e-01
2.219857848218763918e-01 1.157333972342130091e+00 -3.703947771338158557e-01 3.085403770220698227e-01 -8.111080019365494165e-01 -2.160759225380511073e-01
-2.679380086656065196e-01 1.005354308077591519e+00 -5.689435100537441059e-01 -5.759516680220864160e-01 -5.075536603763998178e-01 5.162005852589506283e-01
2.070402755464455513e+00 5.091287764508056757e-01 1.117828517728296917e-01 1.878259936741700331e+00 -1.971052166635512526e+00 5.396151825146135117e+00
-2.881563553607517369e-01 5.744651830575078222e-01 1.439946114958109979e-01 -4.231570558018158401e-01 -7.644179847254202187e-01 3.142986211990606571e-01
-1.756050195886506460e+00 1.574360003169104294e+00 -5.741689008403801919e-01 1.414372658813450201e+00 1.670446544338297645e+00 3.704374703781930123e+00
1.316548328572885840e+00 1.713614181483508192e+00 -9.554354250741350363e-01 1.393971291105420729e+00 -1.387136231228077721e+00 5.486897807713256192e+00
-1.980564961507683686e+00 1.020324566794271082e+00 -3.832297654562908384e-01 1.317946694566425769e+00 1.896788376938969289e+00 -2.249681655689342641e+00
5.965150130807022055e-01 1.283580873756170027e+00 7.950952372924884048e-02 6.066563358651526627e-01 -1.399354609273617989e+00 -1.178447415231351214e-01
-1.356784705426760551e+00 8.659591543213956966e-01 3.446883754091638052e-01 1.771459990264379059e+00 1.495876145763659570e+00 3.494191417329779004e+00
1.821974703119301653e+00 1.229426006335457844e+00 7.768263182000488543e-02 1.813633848222515832e+00 -1.635617542525936718e+00 6.027416438094106432e+00
-1.893233018014128799e+00 8.736716665498714951e-01 -7.865045608355070161e-01 1.541717363727947543e+00 1.891959083586099322e+00 -1.662679943650725356e+00
-3.682359484831435048e-01 7.431199524250373667e-01 1.093632735546265361e-01 -4.735793392253370704e-01 -9.096761078118003052e-01 3.048561665728500292e-01
-2.860455468540109791e+00 -8.364428034975667225e-01 -3.012989878593077542e+00 -2.723658306523248918e+00 -7.525654635920318025e-01 -6.596653382661462395e+00
1.301012472622707916e+00 1.126089568697507204e+00 -1.180234172508258128e+00 1.585763096656877424e+00 -1.301423807160963841e+00 4.656212824918909199e+00
1.863941970103321299e+00 6.744242464316824170e-01 -1.254541163171020990e-01 -1.414577029973189015e+00 1.819874827949841123e+00 2.139353713530190326e+00
-3.111194321857330136e-01 9.134295976793368466e-01 -9.936261471537895240e-02 2.725226655087838346e+00 8.584879806614982289e-01 3.422946704663199391e+00
-1.574710091638200415e+00 1.377097900787811247e+00 -1.269693981145133543e-01 1.567078990125029270e+00 1.572034871030474790e+00 -2.820919715928788207e+00
-2.041641386780594480e+00 1.414303030189271615e+00 -1.044018367206738018e+00 -1.752965151990186765e+00 -2.007099999999999884e+00 1.159984882838452469e+00
-3.571591378405931105e-01 1.578647012505178582e+00 -5.855860058494664067e-01 2.722526276422971847e+00 1.033677885024588017e+00 3.365684184623412456e+00
-2.003708225380687935e+00 1.154434955945181862e+00 -1.074485181805721945e+00 1.533901227341912588e+00 2.002226719511958297e+00 -1.658836078181877616e+00
1.926132586026963356e+00 9.793002437038619279e-01 -5.092055371593674495e-01 -1.404263530373740521e+00 1.886170985268992961e+00 2.067422780468400223e+00
9.243965132268534834e-02 2.530736872456736952e-01 6.495356859471858035e-01 1.175002615921139637e-01 -9.059740640167759373e-01 -7.268045307504807095e-02
-1.829748141977670217e+00 -7.322134587719180132e-01 -2.716262499003214703e+00 -1.650642795141415098e+00 -1.324205323401356882e+00 -1.254020658458923076e+00
-7.018694126476733297e-01 3.581905289714619745e-01 6.031752669287058222e-01 2.340896213408990789e+00 1.118428813148358181e+00 3.565013416453118200e+00
1.181499302103683618e-01 7.487716546385178029e-01 3.088754202057885090e-01 -3.006171089858301837e+00 1.061570255893224290e+00 3.075264025899795417e+00
-3.879322834810125520e-01 1.629962851383879308e+00 -1.049616823834882418e+00 2.501142934423271402e+00 6.854529191924123577e-01 3.664864724950227082e+00
-1.765028163615636636e+00 -8.116919511670836127e-03 6.375443775454932016e-01 1.455513283656341139e+00 1.727456005087142588e+00 -2.209271017068157761e+00
1.890499160016017477e+00 1.898573022220441331e+00 -6.787090149880121714e-01 1.872206000377016455e+00 -1.679042836628044322e+00 5.948713503750813203e+00
-2.018359168797626779e+00 9.054803023346543744e-01 -4.378033309443198906e-01 1.357672385205698884e+00 1.967416881502135340e+00 -2.081448543569476062e+00
-1.670903664820852397e+00 6.942618641264133306e-01 3.641681662001158282e-01 -1.658116292179256712e+00 -1.619805877700983165e+00 5.102232916190131418e-01
-1.703286669455871927e+00 1.852546386733318506e+00 -2.432876780850140364e+00 -1.497854228191404680e+00 -1.681491658738757167e+00 -4.128009584647949204e+00
1.560721895783989455e+00 3.447076681526935471e-01 4.829247100963560135e-02 1.566941563001906790e+00 -1.561494960638684759e+00 5.105399739855734254e+00
-2.776011892021980065e-01 1.131637389241067160e+00 -5.647140797294176728e-01 -4.878719794432181955e-01 -6.244850075006247447e-01 4.065263068476310804e-01
-1.497712849421686254e+00 3.813127287229423068e-01 -2.824746739317960872e-02 1.596110781817015267e+00 1.502223409119854525e+00 4.358447865597608661e+00
-4.109241941395861408e-01 9.658904151597601517e-01 -4.109971358719204937e-01 -6.910567357598692562e-01 -6.774055353696744053e-01 5.724924808663437448e-01
-1.962510014451874341e+00 -1.040385571765990225e+00 -2.384066146104660167e+00 -1.685582782584092554e+00 -1.195437833362815727e+00 -1.266107734170612620e+00
2.358629671415968521e-01 9.602267112810771721e-01 2.689689613157969506e-02 3.422028875900055667e+00 1.005296531881161304e+00 2.988463552350812513e+00
-2.729108801832031084e+00 -4.073395226137291325e-01 -3.100839002117595111e+00 -2.256977485993219013e+00 -5.447500524366808428e-01 -8.070859407900669025e-01
-1.443129324347678155e+00 5.157176730266027631e-01 2.387561718448719672e-01 1.658492763534593850e+00 1.477888538377821748e+00 -2.329354084208821618e+00
-1.115366361267397854e+00 9.528375998592704121e-01 -4.178408269604234615e-01 -1.326087397736356976e+00 -1.182738624929505988e+00 9.874735294278528253e-01
-1.644000455049230647e+00 -9.852435141322993806e-01 -2.778525857419976486e+00 -1.613506502721884894e+00 -1.511333170754048494e+00 -9.473568872892214054e-01
-7.749173636473074556e-01 1.357649881850579110e+00 4.997039987118336718e-02 2.359993784067112799e+00 1.454465449216468809e+00 3.256272956336071278e+00
1.675125019531647386e+00 8.130986037692600199e-01 -2.213384055247708815e-01 -1.512451996086282113e+00 1.657341385513247722e+00 2.165076002783935749e+00
-1.445000070545590098e+00 7.931014701554691682e-01 1.039222501013394862e-01 -1.472283703609148953e+00 -1.492429921782296054e+00 6.699011080360490755e-01
3.020026978106936877e+00 1.317736708046841621e+00 2.095380337236643978e-02 3.016711621326181092e+00 -1.801147008474035971e+00 6.254530875235579046e+00
-1.992302362376137781e+00 6.274082378165258822e-01 2.503775105562088821e-01 1.238626918786743358e+00 1.835241223801916677e+00 -2.493168704740371222e+00
-4.731131355056752419e-01 1.370318832140609844e-01 2.531711676855635806e-01 2.209954921706559716e+00 6.036991737535697400e-01 3.978025379055531552e+00
3.763805412378560256e-01 1.839124431351740308e+00 -1.321664166462514611e+00 6.741116873883034044e-01 -6.296349067657632803e-01 -5.733902978922748028e-01
-1.980782961601865066e+00 1.438980094154956868e+00 -6.828283764903103625e-01 1.280988983905274381e+00 1.864987046648164171e+00 -2.370191068989721206e+00
1.728529978760074415e-01 1.301728590641227923e+00 -3.823248931619276925e-01 2.161271109665808265e-01 -9.307120504927860472e-01 -1.303903466293893088e-01
-1.266164012844153364e+00 1.852235463681339012e-01 2.744818658720883375e-01 1.709411220772527606e+00 1.298642223395323869e+00 4.233667983336482976e+00
-1.818334081630149424e+00 1.198692155556742023e+00 -5.912805110714529633e-01 1.427545748972900208e+00 1.773375744705185886e+00 -2.192785638062863196e+00
-1.462596430711559092e+00 2.857329131630570451e-01 4.729040312427462700e-01 1.645382349884385365e+00 1.492345455902673201e+00 -2.332364058432576659e+00
-2.385777403321631129e-01 2.630424150674816608e-01 6.073270205423703105e-01 2.833648018439685501e+00 8.940269204849344842e-01 3.338208099399479156e+00
-1.250750213028907210e+00 1.746571687193296585e+00 -7.241086328928006965e-01 1.846449552775585534e+00 1.406052598913966278e+00 3.667018762090047179e+00
-2.057727585527494352e+00 1.554227599296825302e+00 -9.606323188959836612e-01 -1.858716555438268969e+00 -1.969111477925832743e+00 9.186952679734939897e-01
-2.224439479786303409e+00 1.171533981408061420e+00 -3.116248904799154285e-01 -2.096711939679676728e+00 -1.978792971672500789e+00 5.996144723068959070e-01
6.747136967852443989e-01 9.928747321560345007e-01 -3.739551969410087051e-01 -2.198236703344170540e+00 8.814450577206731641e-01 2.421605305691815424e+00
-1.248619031486781550e+00 7.861433856590668290e-01 1.023699170074338916e-01 1.824309065811474673e+00 1.369784531143965811e+00 3.798166117214774928e+00
-1.841102715382231025e+00 8.407745185886504879e-01 -2.012889453721553590e-01 1.406918442081833032e+00 1.786739508090394724e+00 -2.228076396717890706e+00
-1.313466080859671870e+00 6.263474751215570846e-01 7.731348942361837562e-02 1.739443796923602514e+00 1.375510209114953142e+00 -2.291008736840423499e+00
1.737701976893778033e+00 8.369686849069765122e-01 -7.864122285209421137e-02 -1.455449233528091746e+00 1.691705523348215445e+00 2.336106042332692034e+00
3.392671321587536482e-01 1.847973301101452970e+00 -2.446063163034604138e+00 -5.598974702414467597e-01 6.772360892807043342e-01 4.543876689578300043e-01
-2.652591960357867373e-01 1.606240743456847309e+00 -4.441623008573649112e-01 -2.878283187614294469e-01 -1.177175082260819128e+00 1.130625404445603915e-01
1.530614757268959014e+00 1.496140996776589294e+00 -1.105920696056610586e+00 -1.586089627514837064e+00 1.533630619265399897e+00 1.961304327282932025e+00
8.601719914348988916e-02 4.447003765830052635e-01 1.842445637958899651e-01 1.454269221013530511e-01 -6.340105605403656419e-01 -1.174362599872262602e-01
-2.963042757280987538e-01 2.737902820128428338e-01 1.121064338520414705e-01 -6.813406905143839509e-01 -4.819629263329232027e-01 6.230396205042024738e-01
1.224769221550308318e+00 9.876727268413918459e-01 -6.078697382669736582e-01 1.437913828798061067e+00 -1.250342219524502196e+00 5.113705440487072984e+00
-1.536968510504502561e+00 9.304239378979320962e-01 2.614106925462518216e-01 1.602222749742970853e+00 1.558287794415879723e+00 -2.762823365592222746e+00
-1.359637136998343765e+00 4.573734170560768697e-01 -3.830612154235759487e-02 1.657791776371877468e+00 1.378154306637936255e+00 -1.998265547618759852e+00
1.245544595825163858e+00 8.145143305216550056e-01 -6.726817462290831662e-01 -1.618422899891386102e+00 1.248934081525435280e+00 1.720354393352548916e+00
6.090051589192030379e-01 1.915709021851738303e+00 -2.523723769559795382e+00 -8.845666150933571004e-01 8.322394363149876462e-01 6.880043796291911429e-01
-1.297325114357625653e+00 9.771499054055884370e-01 -5.827979050289022744e-01 1.678146075048115193e+00 1.318796441517492646e+00 -1.978751921992113028e+00
1.826909682328570428e+00 4.106722287910864466e-01 2.714415323606568786e-01 -1.407182802721222314e+00 1.768730827820904183e+00 2.269186602068816949e+00
-1.652109834021961987e+00 1.611724645990952443e+00 -9.118481483207516725e-01 1.518351691042516105e+00 1.632972550978167847e+00 -2.272299293836805401e+00
2.130722953182373480e+00 1.202859116061679279e+00 -9.249556385958723759e-02 2.082478043351664976e+00 -1.809033396588828113e+00 5.885353729497494690e+00
1.854530504397901458e+00 1.290735192046558621e+00 -9.647367168264098236e-02 -1.305989928684295531e+00 1.673920193743357432e+00 2.778796515466595896e+00
-1.407745781336406266e+00 -6.780108850841908286e-01 -2.819213922216495583e+00 -1.513578380371169763e+00 -1.723567017907522647e+00 -1.210791542230072793e+00
-2.024762410241559341e+00 1.252517904580153107e+00 -8.610702600555956154e-01 1.386732117442725842e+00 1.988164724878059175e+00 -2.001334472540383658e+00
-1.456880845922294609e+00 5.354492221797283458e-01 1.399932197508605980e-01 1.642213733003035525e+00 1.481964174192559991e+00 -2.249420788760458034e+00
-6.174370522226052538e-01 1.726394119830172214e+00 -4.390245314313827585e-01 -6.367852161285778578e-01 -1.340757431554085555e+00 1.670622128187140287e-01
-2.098481886239930816e+00 8.798588612981410595e-01 -1.687540680546909810e-01 1.207317040937529118e+00 1.962219946778383406e+00 -2.354723130507521578e+00
-2.057359897296642703e+00 8.797473094703538443e-01 1.776865167273916912e-01 1.139001268117461052e+00 1.802495574333046413e+00 -2.679270147501788379e+00
1.845394027137171822e+00 1.692305261766656521e+00 -9.194827524055219081e-01 -1.376593633650786241e+00 1.766164962785759185e+00 2.362714838759799818e+00
1.068587524771581199e-01 3.860556389254060639e-01 7.532998102305168420e-01 3.259135215015616538e+00 1.141997258077496413e+00 3.092533635780143619e+00
-9.594947324599269189e-02 1.460694146470828736e+00 -5.579938306370932910e-01 -1.219987567477332085e-01 -9.063214073799842341e-01 7.546270467849108821e-02
-2.023143448973027336e+00 1.026918133493430085e+00 -6.298334535619568575e-01 1.385025987324084440e+00 1.985659083894038446e+00 -2.007093581315899655e+00
-1.137596447989182913e+00 1.552307662481469119e+00 -8.284644200631684496e-01 1.868027974170691108e+00 1.250836282898799112e+00 3.940232380906122600e+00
-1.230045391875668415e+00 1.334182087061230870e+00 -2.359099075156527447e-01 -1.264967379324405394e+00 -1.418096629941754783e+00 4.489373592313666284e-01
1.807560445462708776e+00 3.012789737240305077e-01 9.476066347937875389e-02 -1.477982080947001009e+00 1.788929187601681958e+00 1.976999684674765501e+00
1.346132000140733975e+00 1.890638166660104202e+00 -1.100100932191047542e+00 -1.731805762204190025e+00 1.413436247706568505e+00 2.374052068995904818e+00
2.074608589156362370e+00 1.741055990328064906e+00 -1.076774591219337385e+00 -1.243190502283375132e+00 1.960706909403421960e+00 2.300334655287734176e+00
-1.707249555039985989e+00 9.410599622535953390e-01 6.401736316162003060e-02 1.455394821745655598e+00 1.643781412922063367e+00 -2.580084967527778606e+00
2.044283733253701385e+00 1.247328959378547486e+00 -7.680230924241887580e-01 -1.338766318966818192e+00 1.987341488449919202e+00 2.099357288837423674e+00
1.077451279714921745e-01 1.644357794620600333e-01 3.337419702063658122e-01 3.364067277656263677e+00 5.087382205502252175e-01 2.946547937264331285e+00
1.959577821517175744e+00 3.400398204956145976e-01 1.311571731127389451e-01 -1.386945249501419175e+00 1.915329846860363228e+00 2.074061674170844860e+00
1.740536682568828153e-01 1.765161467639761783e+00 -9.879424652705394161e-01 3.387247689885026780e+00 7.924606548474223411e-01 2.967350592169998524e+00
-2.052375817060516638e+00 7.588809429819119989e-01 5.587334752694860240e-01 -2.039197080512912041e+00 -1.687075942090142000e+00 2.254167859944471997e-01
-1.009708443047459686e-01 1.613873625957232827e+00 -6.779248514820220839e-01 3.016420698401750311e+00 9.396978249989583754e-01 3.215699555174392987e+00
1.208512809027111334e+00 1.342779088875279525e+00 -4.456759580778432706e-01 1.282829122068690486e+00 -1.347848531053611243e+00 -6.412438018500674630e-01
7.772253264920539473e-02 5.168262409274205771e-01 -6.516450147979642449e-02 1.763903774750384956e-01 -4.578476582523546279e-01 -1.585269699862782988e-01
6.531735144597479170e-01 1.566251147397320909e-01 4.880647248261620330e-01 -2.236471969506887536e+00 8.830912753754945888e-01 2.461772858705044698e+00
-1.125480497881262032e+00 8.758044648797091991e-01 -3.807024810459528341e-01 -1.347786188561267640e+00 -1.182056685436335020e+00 1.031608453815681781e+00
1.856531800728537407e+00 1.023606429925251193e+00 -1.031450546870243512e+00 -1.573099736999943543e+00 1.856516928702553582e+00 1.562625025978221061e+00
1.938301666303829274e+00 1.268534168140436291e+00 -5.116529151299490374e-01 1.829245616594386004e+00 -1.835050311463566342e+00 5.503815480958593298e+00
1.519353209074159494e+00 1.421076680419253169e+00 -6.935835525502843657e-01 -1.605020113967000395e+00 1.532389471133978054e+00 2.298940822340278967e+00
