45.3128 205.155
204.017 177.209
288.707 287.611
48.7647 247.466
215.66 215.522
209.002 86.9557
38.7658 231.796
185.163 179.106
74.77 280.475
35.1145 228.017
260.524 200.94
204.087 256.651
84.0911 204.28
131.994 206.849
172.338 50.1396
186.458 150.999
152.258 92.2696
223.588 230.49
187.067 161.008
84.535 214.152
141.868 90.9296
102.873 225.771
228.618 214.699
266.417 274.793
191.886 23.0634
285.544 240.624
192.585 282.41
166.438 302.63
96.8256 198.249
67.7715 229.218
230.893 245.674
185.525 138.045
301.068 279.152
72.5797 275.569
60.9605 278.132
150.504 97.0672
48.0316 265.092
94.499 208.186
233.164 240.465
237.729 245.988
46.2343 215.324
47.0599 287.196
248.44 281.575
142.668 220.55
208.025 225.635
181.318 5.23372
260.852 221.91
180.493 238.804
214.359 248.275
99.1941 263.778
