1017.14 1212.23 1025.47 39
980.224 500.293 433.706 16
1409.7 1083.43 1185.23 44
834.501 297.796 1561.71 63
738.273 1385.25 221.823 8
957.57 1408.18 873.235 31
662.374 1176.21 623.294 21
1473.46 1157.24 1627.18 62
949.138 1126.48 643.882 26
1094.69 1229.56 1131.41 43
1453.58 1051.34 361.706 13
933.712 448.63 865.706 34
1039.45 933.415 1141.35 43
1502.61 1351.4 415.529 14
1032.96 910.161 1381.35 53
351.661 1065.11 1441 53
698.536 495.47 1711.53 68
476.693 1367.84 611.647 23
1358.83 1405.17 415.529 14
201.728 1266.56 843.411 31
962.923 1412.05 1075.88 44
683.672 1325.2 576 24
766.191 1205.31 1109.82 45
1498.81 1095.4 941.117 33
847.606 376.413 1825.71 74
1188.64 1229.94 129.941 5
992.093 1390.67 773.823 31
221.868 1268.07 947.647 37
593.383 771.772 1365.59 54
495.97 1318.89 1407.76 57
213.82 1400.54 1045.35 39
776.41 451.027 285.588 9
913.703 458.42 1639.53 65
503.035 978.128 1601.47 63
444.182 1123.02 997.352 37
945.012 578.555 1043.65 41
523.495 785.014 216 9
1417.79 1277.08 48 2
907.823 589.058 357.588 12
1235.83 1411.84 1443.41 56
886.509 536.458 163.882 6
928.589 831.719 897.941 37
230.535 1220.11 269.823 10
879.822 1342.88 747.411 27
340.462 1089.96 1573.35 61
727.261 1136.31 1181.12 43
228.952 1379.06 461.823 18
1275.29 1389.63 1383.76 56
450.439 1413.15 789.588 30
1254.64 441.362 1365.59 54
