35.5626 42.5442
135.752 297.346
37.8773 140.933
90.7997 35.6391
167.066 205.567
191.21 121.973
159.655 174.676
125.085 169.85
164.535 50.8206
124.026 62.6233
137.658 226.316
243.431 39.9732
124.035 336.567
142.512 350.083
23.1229 52.2172
163.565 213.05
39.1515 128.76
126.217 328.186
151.057 280.052
224.328 50.6511
150.835 356.094
81.8434 44.8062
195.7 312.674
86.8429 310.223
68.2992 277.926
137.018 381.59
70.6313 186.259
184.342 198.965
182.056 203.265
115.296 68.6614
163.436 134.565
6.07471 51.213
70.8052 64.3798
66.932 176.085
160.157 206.145
197.441 269.22
152.592 262.76
174.762 210.387
22.4333 123.447
134.419 290.178
110.031 191.365
209.853 51.4764
115.959 385.618
194.875 267.956
104.269 158.37
163.442 325.774
129.355 181.486
84.384 56.365
134.69 221.849
120.379 174.403
