42.9301 156.769 1127.29 42
28.2689 49.2955 1597.35 62
136.596 47.4122 1093.35 41
99.6259 112.713 413.823 16
130.584 66.3997 987.411 37
187.96 316.626 1522.94 56
157.2 317.862 1045.35 39
93.5819 270.753 823.529 31
179.204 126.677 1243.18 46
109.408 82.7221 125.823 4
141.422 244.241 81.9411 3
85.7591 41.2803 787.882 32
61.096 44.1483 1724.88 64
169.735 271.234 587.647 22
107.709 188.12 991.529 38
139.293 248.381 891.411 33
97.5884 187.756 505.706 19
126.785 369.05 211.882 8
31.2953 132.835 1123.18 41
164.283 185.603 1363.18 51
123.032 319.019 241.706 8
92.8664 172.931 683.647 26
202.106 43.0816 2065 79
136.022 381.309 491.647 18
38.6906 168.033 1217.47 47
118.83 354.748 149.823 5
158.598 178.091 461.823 18
77.4179 29.4818 1209.23 45
145.564 309.565 1239.06 45
108.501 221.95 753.941 31
222.735 41.7947 1517.12 57
81.3315 187.355 1093.35 41
127.517 181.505 723.411 26
144.247 48.0141 839.294 30
164.53 201.014 24 1
60.2948 48.4205 1579.18 60
87.9301 74.4083 1159.53 45
131.332 159.512 371.647 13
133.365 295.359 1223.29 46
171.681 183.541 943.529 36
177.035 314.235 837.588 32
114.145 66.0554 505.706 19
132.982 330.265 293.823 11
27.2528 140.879 1319.29 50
169.527 225.167 577.706 22
112.254 268.676 373.352 11
89.6485 181.622 192 8
88.2471 274.733 1419.41 55
200.891 42.5497 1371.41 53
128.456 171.02 24 1
