200.473 205.199
85.817 197.435
122.214 161.62
36.2503 155.991
163.213 134.742
227.9 89.6655
230.965 218.686
96.053 195.384
136.091 10.095
163.835 90.9905
112.667 226.179
58.6159 229.597
244.856 151.281
112.527 237.46
175.16 234.12
201.217 79.0167
48.0085 70.9923
43.4194 233.049
75.3051 59.6912
39.0118 188.162
42.0101 191.483
204.236 188.292
233.735 210.662
148.334 116.312
135.887 194.625
9.06775 192.185
166.325 63.7473
18.9852 162.7
184.133 29.1131
241.745 115.886
213.31 60.1102
123.376 78.3736
159.187 10.5021
172.528 163.874
155.931 161.18
189.552 51.9687
167.201 66.1172
66.6872 225.488
28.4866 92.9314
170.638 74.2159
84.3884 48.766
31.0126 176.247
232.869 224.613
118.698 218.178
45.6211 57.0451
35.389 92.6337
232.572 159.879
126.995 86.0877
155.874 66.5389
84.8348 23.4252
