215.088 101.356 573.588 21
233.382 50.7707 1074.47 34
71.1103 142.37 279.765 10
162.742 184.345 673.706 26
156.836 76.0801 297.941 12
49.2067 170.449 1047.06 37
60.9997 249.453 909.588 35
68.2664 138.718 323.647 11
131.209 171.605 801.941 33
72.7791 189.803 725.117 24
176.093 42.6554 1065.23 39
212.275 84.8966 1070.35 33
89.6922 176.474 817.706 32
168.27 220.68 293.823 11
102 209.395 409.706 15
158.617 72.2323 201.941 8
114.441 58.1094 341.823 13
142.45 107.041 860.881 28
191.941 94.7465 645.588 24
149.629 62.8141 852.646 26
32.1216 203.922 67.8823 2
45.1099 61.696 1078.59 35
41.7617 100.664 1260.65 43
91.9284 141.989 313.706 11
175.971 25.6075 919.529 35
191.439 161.63 971.647 38
227.571 19.7876 419.647 15
84.1669 59.477 709.352 25
71.6908 140.349 850.94 28
120.7 152.283 703.529 26
88.3054 153.81 812.881 26
172.922 124.118 343.529 11
182.294 46.9168 355.882 14
105.98 178.868 341.823 13
88.8617 47.448 691.176 23
187.067 84.3922 144 6
235.754 175.982 681.235 23
136.305 22.5244 1147.18 42
175.648 24.0912 859.176 30
147.633 152.455 423.765 16
198.596 74.1135 601.706 23
195.807 179.662 825.941 34
76.1058 232.568 827.647 32
221.332 126.546 749.117 25
214.562 186.133 1126.59 37
127.623 31.1635 575.294 19
83.1506 239.497 903.058 31
214.228 210.259 792.999 26
100.948 169.32 613.352 21
93.0812 74.0853 249.941 10
