1151.16 1217.62
754.699 1452.15
725.567 1483.48
416.473 537.499
1406.01 897.676
275.674 421.258
1204.93 874.311
575.785 1392.37
411.662 832.813
729.229 510.832
1017.35 674.904
931.37 820.717
745.892 712.893
586.971 322.637
204.331 219.511
1138.42 433.541
347.449 995.957
884.686 1274.19
1270.37 813.91
449.802 984.607
303.231 1123.77
68.1568 432.973
76.4552 272.901
982.649 1428.55
629.614 1379.42
959.305 936.056
960.046 767.301
700.258 360.009
1173.5 423.786
1220.37 1136.76
750.291 442.895
511.365 1093.5
894.51 668.319
339.113 439.04
895.02 633.94
690.312 337.047
1429.32 802.623
836.347 920.897
1090.78 1260.84
633.047 1390.98
660.532 1111.72
121.112 804.671
121.475 880.2
1261.39 455.827
531.548 681.257
871.406 799.948
480.869 645.647
868.386 1330.22
811.988 1016.25
506.757 663.985
