247.015 120.287 1031.29 38
154.863 234.824 289.706 10
103.006 209.434 1257.23 47
131.428 68.9625 1229.12 45
30.3323 38.453 2015.29 79
20.5525 62.4198 2045.12 79
105.574 168.508 413.823 16
65.755 198.595 1739.65 70
198.59 147.3 457.706 17
254.186 150.182 921.235 33
246.411 220.897 1897 72
246.027 249.529 1089.23 40
134.568 238.165 713.47 26
92.8035 132.373 149.823 5
76.5708 198.146 1629.59 65
181.823 196.021 475.882 19
192.678 261.554 1761.23 68
257.047 179.693 611.647 23
187.471 137.897 971.647 38
188.385 182.17 1545.23 59
185.291 281.671 755.647 29
140.52 109.832 1009.71 40
250.609 183.233 1147.18 42
154.888 258.64 2021.12 78
100.413 211.201 467.647 17
187.692 213.604 581.823 23
220.336 146.447 775.529 29
203.851 135.45 903.765 36
64.4315 106.544 1035.41 39
52.9601 109.57 1843.18 71
120.24 140.281 893.823 36
182.124 211.576 499.882 20
70.976 205.973 961.706 38
40.6054 127.387 699.411 25
69.2179 127.238 759.765 30
131.836 139.772 351.765 13
151.566 98.3476 749.823 30
153.682 241.231 1995.41 79
213.819 187.848 1171.18 43
89.9603 196.921 1345.71 54
190.379 146.055 183.765 6
78.5375 132.596 221.823 8
19.8767 102.831 57.9411 2
196.458 148.73 577.706 22
217.692 136.297 625.706 24
10.7357 164.573 567.765 22
167.214 166.598 817.706 32
32.0716 37.8107 269.823 10
206.586 164.76 351.765 13
213.486 227.724 1265.47 49
