44.9995 78.1098 461.823 18
99.2477 41.7405 321.941 13
56.2328 26.0318 999.765 40
140.062 69.4282 1015.53 39
63.881 92.8952 771.411 28
77.2067 23.9447 653.823 26
100.266 84.0637 913.706 36
51.1366 61.1952 1327.53 52
61.5948 53.8856 1255.53 49
100.188 90.6196 405.588 14
96.6976 91.0298 745.706 29
82.6765 6.83846 1037.12 37
90.8471 78.1772 543.765 21
95.0958 23.806 471.765 18
138.091 84.7075 959.294 35
85.3465 119.568 1244.88 44
132.864 71.5447 983.294 36
64.6866 29.8307 101.823 3
83.6144 88.0768 72 3
77.7239 38.1152 441.941 18
121.41 67.7019 745.706 29
74.0728 90.2919 507.411 17
35.5031 49.2547 943.529 36
29.1821 50.6538 935.294 34
66.2544 64.851 1049.47 40
59.4732 86.7842 537.941 22
100.354 97.8106 389.823 15
39.1092 95.2201 1039.53 40
127.526 72.9988 303.765 11
129.725 58.0287 341.823 13
129.621 55.1152 265.706 9
119.953 63.0095 973.352 36
71.1516 101.207 725.823 29
68.8133 72.3247 721.706 28
82.3558 89.5697 197.823 7
90.4808 87.9419 389.823 15
120.063 71.2528 403.882 16
61.0142 88.8795 1265.47 49
74.9606 133.085 144 6
36.0822 48.9674 1049.47 40
65.7586 46.0884 647.294 22
99.6249 85.6471 645.588 24
126.786 71.5962 1187.65 47
84.1816 27.1754 877.352 32
72.8776 101.129 807.765 32
85.2219 114.322 1245.59 49
97.0016 81.9029 283.882 11
111.7 69.6987 915.411 34
83.8092 79.6917 345.941 14
91.2486 78.8541 707.647 27
