77.3383 88.6708
103.283 73.9245
98.6751 88.4293
75.1133 119.701
98.639 36.5058
98.7761 74.1303
37.8523 117.003
37.4213 54.3905
49.4761 103.974
83.9994 56.5
87.2462 20.9162
131.925 54.2368
100.791 26.9349
94.7028 67.166
52.0794 94.1824
40.5341 36.1281
75.7303 11.0344
73.3293 22.5828
81.389 81.6126
32.3553 40.5708
78.7103 27.1405
116.169 64.8695
83.325 60.124
71.1165 120.384
97.496 117.81
83.8173 53.4107
84.2592 126.245
117.284 65.4794
149.705 60.2486
97.0851 63.2134
116.024 77.1778
60.7459 78.7059
93.922 57.5868
80.6512 61.8883
96.7062 76.8288
97.7526 49.5037
81.003 65.8857
48.9604 39.9225
74.6247 118.348
74.6445 64.4611
120.494 74.2719
154.105 62.7561
32.338 95.5052
81.1145 95.5493
132.191 72.7155
146.626 72.6319
88.4798 102.275
66.1631 74.7184
52.8862 86.6951
79.5766 28.2237
